51847	722	0.950	3.979E-235	0	360	361	0	360	426
130880	717	0.944	1.746E-233	0	360	361	0	360	426
13734	717	0.944	2.392E-233	0	360	361	0	360	426
6010	708	0.934	2.451E-230	0	360	361	0	360	426
34657	694	0.917	2.068E-225	0	360	361	0	360	426
50929	693	0.916	3.884E-225	0	360	361	0	360	427
73267	692	0.915	9.995E-225	0	360	361	0	360	427
77848	690	0.912	6.619E-224	0	360	361	0	360	427
165783	687	0.909	4.383E-223	0	360	361	0	360	427
25458	657	0.874	2.061E-212	0	360	361	0	360	426
40124	655	0.872	7.267E-212	0	360	361	0	360	426
61808	653	0.869	4.811E-211	0	360	361	0	360	426
94396	650	0.866	4.364E-210	0	360	361	0	360	426
24570	648	0.863	2.109E-209	0	360	361	0	360	426
29058	648	0.863	2.109E-209	0	360	361	0	360	427
51155	647	0.863	2.889E-209	0	360	361	0	360	427
61950	647	0.863	2.889E-209	0	360	361	0	360	427
66774	647	0.863	2.889E-209	0	360	361	0	360	427
84078	647	0.863	2.889E-209	0	360	361	0	360	427
65535	630	0.843	3.022E-203	0	360	361	0	360	426
88110	630	0.843	3.022E-203	0	360	361	0	360	426
130684	627	0.839	5.146E-202	0	360	361	0	360	426
384	626	0.838	9.661E-202	0	360	361	0	360	426
17469	525	0.720	7.212E-167	0	360	361	0	357	424
147809	518	0.713	1.521E-164	0	360	361	0	357	423
40042	518	0.711	1.521E-164	0	360	361	0	361	427
89205	518	0.710	2.854E-164	0	360	361	0	361	427
144391	517	0.709	5.355E-164	0	360	361	0	361	427
6134	516	0.709	7.337E-164	0	360	361	0	361	427
17910	516	0.709	7.337E-164	0	360	361	0	361	427
22435	516	0.709	7.337E-164	0	360	361	0	361	427
33314	516	0.709	7.337E-164	0	360	361	0	361	427
38701	516	0.709	7.337E-164	0	360	361	0	361	427
41036	516	0.709	7.337E-164	0	360	361	0	361	427
49595	516	0.709	7.337E-164	0	360	361	0	361	427
92992	516	0.709	7.337E-164	0	360	361	0	361	427
93026	516	0.709	7.337E-164	0	360	361	0	361	427
98475	516	0.709	7.337E-164	0	360	361	0	361	427
109317	516	0.709	7.337E-164	0	360	361	0	361	427
110464	516	0.709	7.337E-164	0	360	361	0	361	427
116419	516	0.709	7.337E-164	0	360	361	0	361	427
132529	516	0.709	7.337E-164	0	360	361	0	361	427
147337	516	0.709	7.337E-164	0	360	361	0	361	427
148925	516	0.709	7.337E-164	0	360	361	0	361	427
163579	516	0.709	7.337E-164	0	360	361	0	361	427
750	516	0.708	1.005E-163	0	360	361	0	361	427
2915	516	0.708	1.005E-163	0	360	361	0	361	427
6175	516	0.708	1.005E-163	0	360	361	0	361	427
11581	516	0.708	1.005E-163	0	360	361	0	361	427
23913	516	0.708	1.005E-163	0	360	361	0	361	427
49563	516	0.708	1.005E-163	0	360	361	0	361	427
55018	516	0.708	1.005E-163	0	360	361	0	361	427
55038	516	0.708	1.005E-163	0	360	361	0	361	427
65872	516	0.708	1.005E-163	0	360	361	0	361	427
67080	516	0.708	1.005E-163	0	360	361	0	361	427
67842	516	0.708	1.005E-163	0	360	361	0	361	427
71160	516	0.708	1.005E-163	0	360	361	0	361	427
76726	516	0.708	1.005E-163	0	360	361	0	361	427
78924	516	0.708	1.005E-163	0	360	361	0	361	427
88531	516	0.708	1.005E-163	0	360	361	0	361	427
88767	516	0.708	1.005E-163	0	360	361	0	361	427
88968	516	0.708	1.005E-163	0	360	361	0	361	427
92924	516	0.708	1.005E-163	0	360	361	0	361	427
98477	516	0.708	1.005E-163	0	360	361	0	361	427
103863	516	0.708	1.005E-163	0	360	361	0	361	427
103896	516	0.708	1.005E-163	0	360	361	0	361	427
105482	516	0.708	1.005E-163	0	360	361	0	361	427
109187	516	0.708	1.005E-163	0	360	361	0	361	427
114717	516	0.708	1.005E-163	0	360	361	0	361	427
121621	516	0.708	1.005E-163	0	360	361	0	361	427
125624	516	0.708	1.005E-163	0	360	361	0	361	427
131038	516	0.708	1.005E-163	0	360	361	0	361	427
136446	516	0.708	1.005E-163	0	360	361	0	361	427
136460	516	0.708	1.005E-163	0	360	361	0	361	427
137390	516	0.708	1.005E-163	0	360	361	0	361	427
147287	516	0.708	1.005E-163	0	360	361	0	361	427
169001	516	0.708	1.005E-163	0	360	361	0	361	427
170535	516	0.708	1.005E-163	0	360	361	0	361	427
27856	516	0.708	1.377E-163	0	360	361	0	361	427
725	515	0.707	1.886E-163	0	360	361	0	361	427
7323	515	0.707	1.886E-163	0	360	361	0	361	427
29067	515	0.707	1.886E-163	0	360	361	0	361	427
33299	515	0.707	1.886E-163	0	360	361	0	361	427
34887	515	0.707	1.886E-163	0	360	361	0	361	427
54997	515	0.707	1.886E-163	0	360	361	0	361	427
71144	515	0.707	1.886E-163	0	360	361	0	361	427
78266	515	0.707	1.886E-163	0	360	361	0	361	427
94171	515	0.707	1.886E-163	0	360	361	0	361	427
109309	515	0.707	1.886E-163	0	360	361	0	361	427
114709	515	0.707	1.886E-163	0	360	361	0	361	427
122130	515	0.707	1.886E-163	0	360	361	0	361	427
126509	515	0.707	1.886E-163	0	360	361	0	361	427
136421	515	0.707	1.886E-163	0	360	361	0	361	427
142797	515	0.707	1.886E-163	0	360	361	0	361	427
143972	515	0.707	1.886E-163	0	360	361	0	361	427
158171	515	0.707	1.886E-163	0	360	361	0	361	427
11411	515	0.707	2.584E-163	0	360	361	0	361	427
141871	515	0.707	2.584E-163	0	360	361	0	361	427
27660	514	0.706	4.849E-163	0	360	361	0	361	427
28682	514	0.706	4.849E-163	0	360	361	0	361	427
34109	514	0.706	4.849E-163	0	360	361	0	361	427
38735	514	0.706	4.849E-163	0	360	361	0	361	427
40728	514	0.706	4.849E-163	0	360	361	0	361	427
49404	514	0.706	4.849E-163	0	360	361	0	361	427
71321	514	0.706	4.849E-163	0	360	361	0	361	427
87580	514	0.706	4.849E-163	0	360	361	0	361	427
98686	514	0.706	4.849E-163	0	360	361	0	361	427
109329	514	0.706	4.849E-163	0	360	361	0	361	427
110177	514	0.706	4.849E-163	0	360	361	0	361	427
114586	514	0.706	4.849E-163	0	360	361	0	361	427
120006	514	0.706	4.849E-163	0	360	361	0	361	427
132694	514	0.706	4.849E-163	0	360	361	0	361	427
158155	514	0.706	4.849E-163	0	360	361	0	361	427
163620	514	0.706	4.849E-163	0	360	361	0	361	427
136466	514	0.705	6.643E-163	0	360	361	0	361	427
17026	513	0.705	9.100E-163	0	360	361	0	361	427
152725	513	0.705	9.100E-163	0	360	361	0	361	427
110901	513	0.704	1.247E-162	0	360	361	0	361	427
29152	511	0.703	4.390E-162	0	360	361	0	361	427
65740	511	0.703	4.390E-162	0	360	361	0	361	427
105515	511	0.703	4.390E-162	0	360	361	0	361	427
122590	509	0.699	3.975E-161	0	360	361	0	361	427
1923	508	0.698	7.459E-161	0	360	361	0	361	427
147191	508	0.698	7.459E-161	0	360	361	0	361	427
76567	507	0.698	1.022E-160	0	360	361	0	361	426
66114	506	0.697	2.627E-160	0	360	361	0	361	427
99833	505	0.697	4.930E-160	0	360	361	0	359	424
132466	505	0.695	9.251E-160	0	360	361	0	361	426
49251	501	0.692	2.153E-158	0	360	361	0	359	426
62586	500	0.691	2.949E-158	0	360	361	0	359	426
164715	498	0.689	1.948E-157	0	360	361	0	359	426
98333	497	0.688	3.656E-157	0	360	361	0	359	426
103716	497	0.686	3.656E-157	0	360	361	0	361	426
120048	497	0.687	5.008E-157	0	360	361	0	359	426
172282	493	0.683	8.506E-156	0	360	361	0	359	426
50934	487	0.673	9.542E-154	0	360	361	0	362	428
121662	486	0.672	2.452E-153	0	360	361	0	362	428
142793	486	0.672	2.452E-153	0	360	361	0	362	428
119446	484	0.670	8.634E-153	0	360	361	0	362	428
24577	472	0.657	1.486E-148	0	360	361	0	361	427
111039	472	0.657	1.486E-148	0	360	361	0	361	427
61920	470	0.697	7.167E-148	26	360	361	0	335	401
38584	466	0.650	1.666E-146	0	360	361	0	361	427
76576	466	0.650	1.666E-146	0	360	361	0	361	427
132468	460	0.643	1.866E-144	0	360	361	0	361	426
38563	460	0.646	2.555E-144	0	359	361	0	359	425
61774	460	0.646	2.555E-144	0	359	361	0	359	425
120029	459	0.642	4.794E-144	0	360	361	0	361	426
22318	458	0.640	1.687E-143	0	360	361	0	361	426
148506	457	0.640	2.311E-143	0	360	361	0	361	426
116670	451	0.635	4.852E-141	0	359	361	0	358	424
92879	438	0.622	8.317E-137	2	360	361	5	361	426
166640	436	0.618	5.487E-136	1	360	361	4	361	428
60283	426	0.609	1.039E-132	3	360	361	7	361	425
149442	423	0.605	1.760E-131	3	360	361	2	359	430
46196	417	0.594	2.691E-129	0	360	361	0	360	423
47997	413	0.590	4.556E-128	0	360	361	0	359	422
162259	411	0.587	3.003E-127	0	360	361	0	360	423
38576	409	0.585	1.446E-126	0	360	361	0	352	417
164472	407	0.583	3.712E-126	0	360	361	0	352	417
171212	402	0.574	3.023E-124	0	360	361	0	362	427
34487	397	0.569	1.313E-122	0	360	361	0	362	427
118656	386	0.555	8.684E-119	0	360	361	0	363	427
70964	380	0.550	1.323E-116	0	360	361	0	361	426
136113	379	0.549	2.479E-116	0	360	361	0	361	426
61647	316	0.635	1.157E-94	109	360	361	1	252	317
130854	225	0.706	3.587E-63	204	360	361	0	155	220
125425	196	0.569	3.451E-53	0	174	361	0	176	179
132223	145	0.671	3.332E-36	0	105	361	0	106	170
 2518	465	0.949	1.749E-148	0	231	233	157	388	389
49134	454	0.931	6.357E-145	0	231	233	157	388	389
125120	454	0.931	6.357E-145	0	231	233	157	388	389
43681	452	0.927	4.216E-144	0	231	233	157	388	389
7949	451	0.924	1.086E-143	0	231	233	157	388	389
141409	451	0.924	1.488E-143	0	231	233	148	379	380
163130	451	0.924	1.488E-143	0	231	233	157	388	389
43697	449	0.920	7.201E-143	0	231	233	157	388	389
163141	449	0.920	7.201E-143	0	231	233	157	388	389
11126	448	0.919	1.353E-142	0	231	233	157	388	389
38256	448	0.919	1.353E-142	0	231	233	157	388	389
137902	447	0.918	1.854E-142	0	231	233	157	388	389
87115	447	0.920	3.484E-142	0	230	233	157	387	389
92564	447	0.917	3.484E-142	0	231	233	157	388	389
163120	447	0.920	3.484E-142	0	230	233	157	387	389
87124	445	0.914	1.230E-141	0	231	233	157	388	389
121036	445	0.914	1.230E-141	0	231	233	157	388	389
168569	445	0.914	1.230E-141	0	231	233	157	388	389
76280	445	0.913	1.686E-141	0	231	233	157	388	389
49130	444	0.915	3.167E-141	0	230	233	148	378	380
11122	444	0.911	3.167E-141	0	231	233	157	388	389
16539	444	0.911	3.167E-141	0	231	233	157	388	389
65418	444	0.911	3.167E-141	0	231	233	157	388	389
81698	444	0.911	3.167E-141	0	231	233	157	388	389
81702	444	0.911	3.167E-141	0	231	233	157	388	389
92565	444	0.915	3.167E-141	0	230	233	157	387	389
146844	444	0.911	3.167E-141	0	231	233	157	388	389
152274	444	0.911	3.167E-141	0	231	233	157	388	389
152285	444	0.911	3.167E-141	0	231	233	157	388	389
21983	443	0.911	4.341E-141	0	231	233	157	388	389
81691	443	0.911	4.341E-141	0	231	233	157	388	389
81694	443	0.911	4.341E-141	0	231	233	157	388	389
103408	443	0.911	4.341E-141	0	231	233	157	388	389
103409	443	0.911	4.341E-141	0	231	233	157	388	389
114273	443	0.911	4.341E-141	0	231	233	157	388	389
43682	443	0.910	5.951E-141	0	231	233	157	388	389
50688	443	0.910	5.951E-141	0	231	233	157	388	389
152258	443	0.910	5.951E-141	0	231	233	157	388	389
168553	443	0.910	5.951E-141	0	231	233	157	388	389
5690	442	0.908	1.532E-140	0	231	233	157	388	389
43678	442	0.908	1.532E-140	0	231	233	157	388	389
55889	442	0.908	1.532E-140	0	231	233	157	388	389
121920	442	0.908	1.532E-140	0	231	233	157	388	389
125123	442	0.908	1.532E-140	0	231	233	157	388	389
133078	442	0.908	1.532E-140	0	231	233	157	388	389
141423	442	0.911	1.532E-140	0	230	233	157	387	389
160148	442	0.908	1.532E-140	0	231	233	157	388	389
165261	442	0.908	1.532E-140	0	231	233	157	388	389
97990	441	0.907	2.100E-140	0	231	233	157	388	389
43687	441	0.909	3.946E-140	0	230	233	157	387	389
125126	441	0.906	3.946E-140	0	231	233	157	388	389
16545	440	0.905	5.409E-140	0	231	233	157	388	389
152277	440	0.905	5.409E-140	0	231	233	157	388	389
160009	440	0.905	5.409E-140	0	231	233	157	388	389
11106	440	0.904	7.414E-140	0	231	233	157	388	389
34414	440	0.904	7.414E-140	0	231	233	157	388	389
49115	439	0.904	1.016E-139	0	231	233	157	388	389
114261	439	0.904	1.016E-139	0	231	233	157	388	389
164507	439	0.902	1.909E-139	0	231	233	157	388	389
114257	438	0.901	2.617E-139	0	231	233	157	388	389
70843	438	0.901	3.587E-139	0	231	233	157	388	389
141403	438	0.901	3.587E-139	0	231	233	157	388	389
81682	437	0.899	9.238E-139	0	231	233	157	388	389
114254	436	0.896	2.379E-138	0	231	233	157	388	389
143461	433	0.891	2.162E-137	0	231	233	156	387	388
144171	430	0.890	1.965E-136	0	230	233	157	387	389
125373	391	0.818	9.675E-123	1	231	233	157	387	388
71080	389	0.816	2.491E-122	1	231	233	157	387	388
11363	389	0.815	3.414E-122	1	231	233	157	387	388
46000	389	0.814	4.680E-122	1	231	233	157	387	388
504	388	0.816	6.414E-122	1	230	233	157	386	388
11362	388	0.816	6.414E-122	1	230	233	157	386	388
81940	388	0.816	6.414E-122	1	230	233	157	386	388
60223	388	0.816	8.791E-122	1	230	233	157	386	388
54797	387	0.811	1.651E-121	1	231	233	157	387	388
81943	378	0.795	1.697E-118	1	231	233	156	386	387
130804	375	0.790	2.113E-117	1	231	233	156	386	387
105327	362	0.774	9.534E-113	4	231	233	162	389	390
241	342	0.727	6.654E-106	0	231	233	157	387	388
146824	342	0.727	6.654E-106	0	231	233	157	387	388
119675	337	0.720	4.002E-104	0	230	233	157	386	388
168537	337	0.720	4.002E-104	0	230	233	157	386	388
13431	335	0.714	1.935E-103	0	231	233	156	387	388
2347	332	0.711	1.756E-102	0	230	233	157	387	389
11095	329	0.705	2.185E-101	0	230	233	157	386	388
59957	329	0.705	2.994E-101	0	230	233	157	386	388
136232	327	0.702	1.056E-100	1	231	233	157	387	388
11098	320	0.686	3.067E-98	0	231	233	157	387	388
135965	318	0.684	1.082E-97	0	231	233	157	387	388
137276	315	0.678	1.345E-96	0	231	233	157	387	388
159646	315	0.678	1.345E-96	0	231	233	157	387	388
55937	314	0.676	2.526E-96	0	231	233	157	387	388
66700	314	0.676	2.526E-96	0	231	233	157	387	388
94499	314	0.676	2.526E-96	0	231	233	157	387	388
70820	313	0.674	6.500E-96	0	231	233	157	387	388
119677	313	0.673	8.907E-96	0	231	233	157	387	388
50324	312	0.673	1.221E-95	0	231	233	159	389	390
49102	312	0.671	2.292E-95	0	231	233	157	387	388
70819	312	0.671	2.292E-95	0	231	233	157	387	388
 35094	1439	0.991	0.000E+00	0	686	687	0	686	733
49109	1439	0.991	0.000E+00	0	686	687	0	686	733
87137	1439	0.991	0.000E+00	0	686	687	0	686	733
152260	1439	0.991	0.000E+00	0	686	687	0	686	733
21967	1437	0.989	0.000E+00	0	686	687	0	686	733
119689	1435	0.988	0.000E+00	0	686	687	0	686	733
17886	1423	0.981	0.000E+00	0	686	687	0	686	733
81680	1423	0.981	0.000E+00	0	686	687	0	686	733
54551	1421	0.980	0.000E+00	0	686	687	0	686	733
81700	1418	0.978	0.000E+00	0	686	687	0	686	733
40524	1417	0.978	0.000E+00	0	686	687	0	686	733
130567	1416	0.977	0.000E+00	0	686	687	0	686	733
27416	1415	0.976	0.000E+00	0	686	687	0	686	733
152276	1415	0.976	0.000E+00	0	686	687	0	686	733
125127	1406	0.971	0.000E+00	0	686	687	0	686	733
157713	1393	0.935	0.000E+00	0	686	687	0	709	756
168557	1392	0.935	0.000E+00	0	686	687	0	709	756
163136	1391	0.961	0.000E+00	0	686	687	0	686	733
49128	1390	0.961	0.000E+00	0	686	687	0	686	733
119685	1390	0.961	0.000E+00	0	686	687	0	686	733
16550	1387	0.959	0.000E+00	0	686	687	0	686	733
119701	1387	0.959	0.000E+00	0	686	687	0	686	733
49125	1386	0.957	0.000E+00	0	686	687	0	687	734
108835	1296	0.664	0.000E+00	0	686	687	0	985	1032
163107	1289	0.899	0.000E+00	0	686	687	0	686	733
16546	1287	0.660	0.000E+00	0	686	687	0	985	1032
88327	1283	0.895	0.000E+00	0	686	687	0	686	733
16544	1282	0.658	0.000E+00	0	686	687	0	985	1032
159039	1282	0.658	0.000E+00	0	686	687	0	985	1032
97960	1281	0.894	0.000E+00	0	686	687	0	686	733
114265	1281	0.657	0.000E+00	0	686	687	0	985	1032
103421	1278	0.656	0.000E+00	0	686	687	0	985	1032
135982	1274	0.654	0.000E+00	0	686	687	0	985	1032
99899	1270	0.652	0.000E+00	0	686	687	0	985	1032
11113	1269	0.652	0.000E+00	0	686	687	0	985	1032
16547	1268	0.652	0.000E+00	0	686	687	0	985	1032
163138	1267	0.651	0.000E+00	0	686	687	0	985	1032
92546	1266	0.651	0.000E+00	0	686	687	0	985	1032
76259	1265	0.651	0.000E+00	0	686	687	0	985	1032
1838	1264	0.650	0.000E+00	0	686	687	0	985	1032
70839	1264	0.650	0.000E+00	0	686	687	0	985	1032
89348	1264	0.650	0.000E+00	0	686	687	0	985	1032
108846	1264	0.650	0.000E+00	0	686	687	0	985	1032
146835	1264	0.650	0.000E+00	0	686	687	0	985	1032
154494	1264	0.650	0.000E+00	0	686	687	0	985	1032
268	1263	0.650	0.000E+00	0	686	687	0	985	1032
11132	1263	0.650	0.000E+00	0	686	687	0	985	1032
81696	1263	0.650	0.000E+00	0	686	687	0	985	1032
152269	1263	0.649	0.000E+00	0	686	687	0	987	1034
16534	1262	0.649	0.000E+00	0	686	687	0	985	1032
18995	1262	0.649	0.000E+00	0	686	687	0	985	1032
24108	1262	0.649	0.000E+00	0	686	687	0	985	1032
49113	1262	0.649	0.000E+00	0	686	687	0	985	1032
114283	1262	0.649	0.000E+00	0	686	687	0	985	1032
138122	1262	0.649	0.000E+00	0	686	687	0	985	1032
79023	1260	0.648	0.000E+00	0	686	687	0	985	1032
16541	1259	0.648	0.000E+00	0	686	687	0	985	1032
87105	1256	0.881	0.000E+00	2	686	687	3	685	732
46144	1256	0.648	0.000E+00	3	686	687	0	982	1029
18114	1256	0.647	0.000E+00	0	686	687	0	985	1032
119692	1256	0.647	0.000E+00	0	686	687	0	985	1032
146850	1256	0.647	0.000E+00	0	686	687	0	985	1032
54562	1248	0.857	0.000E+00	0	686	687	18	720	767
76255	1210	0.851	0.000E+00	0	686	687	0	676	723
248	1200	0.845	0.000E+00	0	686	687	0	676	723
104703	1174	0.829	0.000E+00	0	686	687	0	679	726
137931	1172	0.828	0.000E+00	0	686	687	0	679	726
29351	1171	0.827	0.000E+00	0	686	687	0	679	726
24285	1168	0.825	0.000E+00	0	686	687	0	679	726
81674	1167	0.824	0.000E+00	0	686	687	0	679	726
28783	1167	0.609	0.000E+00	0	686	687	0	985	1032
38246	1166	0.824	0.000E+00	0	686	687	0	679	726
32813	1155	0.604	0.000E+00	0	686	687	0	985	1032
43669	1147	0.600	0.000E+00	0	686	687	18	1003	1050
11100	1141	0.811	0.000E+00	2	686	687	3	678	725
93940	1141	0.795	0.000E+00	2	686	687	3	703	750
103393	1139	0.794	0.000E+00	2	686	687	3	703	750
146822	1128	0.777	0.000E+00	0	686	687	0	710	757
2306	1117	0.771	0.000E+00	0	686	687	18	728	775
1550	1107	0.825	0.000E+00	36	686	687	8	651	698
135968	1097	0.782	0.000E+00	0	686	687	0	676	723
11104	1038	0.620	0.000E+00	129	686	687	0	856	903
22225	1030	0.743	0.000E+00	3	686	687	5	689	736
16795	1028	0.741	0.000E+00	3	686	687	5	689	736
87371	986	0.715	3.550E-320	1	686	687	4	687	734
33078	977	0.692	3.585E-317	0	686	687	0	706	753
141659	975	0.691	1.727E-316	0	686	687	0	706	753
152516	974	0.690	6.073E-316	0	686	687	0	706	753
127225	970	0.684	1.029E-314	3	686	687	6	716	763
157947	969	0.688	2.642E-314	1	686	687	3	708	755
119941	968	0.686	4.955E-314	0	686	687	0	706	753
92587	967	0.682	1.743E-313	3	686	687	6	716	763
49366	966	0.702	3.268E-313	0	686	687	0	685	732
5720	965	0.681	8.393E-313	3	686	687	6	716	763
81717	964	0.681	1.149E-312	3	686	687	6	716	763
157717	964	0.681	1.149E-312	3	686	687	6	716	763
168586	964	0.681	1.574E-312	3	686	687	6	716	763
168596	964	0.681	1.574E-312	3	686	687	6	716	763
87154	964	0.680	2.155E-312	3	686	687	6	716	763
116102	964	0.680	2.155E-312	3	686	687	6	716	763
119447	964	0.680	2.155E-312	3	686	687	6	716	763
125156	963	0.680	2.952E-312	3	686	687	6	716	763
126786	963	0.680	2.952E-312	3	686	687	6	716	763
141430	963	0.680	2.952E-312	3	686	687	6	716	763
154579	963	0.684	4.042E-312	1	686	687	4	709	756
32860	963	0.680	4.042E-312	3	686	687	6	716	763
43728	963	0.680	4.042E-312	3	686	687	6	716	763
76300	963	0.680	4.042E-312	3	686	687	6	716	763
152296	963	0.680	4.042E-312	3	686	687	6	716	763
163162	962	0.680	5.535E-312	3	686	687	6	716	763
27436	962	0.679	7.580E-312	3	686	687	6	716	763
114286	962	0.679	7.580E-312	3	686	687	6	716	763
157730	962	0.679	1.038E-311	3	686	687	6	716	763
62641	961	0.679	1.422E-311	3	686	687	6	716	763
78739	961	0.679	1.422E-311	3	686	687	6	716	763
29830	961	0.679	1.947E-311	3	686	687	6	716	763
65427	961	0.679	1.947E-311	3	686	687	6	716	763
110516	961	0.679	1.947E-311	3	686	687	6	716	763
146876	960	0.679	2.666E-311	3	686	687	6	716	763
11153	960	0.678	3.651E-311	3	686	687	6	716	763
32852	960	0.678	3.651E-311	3	686	687	6	716	763
87149	960	0.678	3.651E-311	3	686	687	6	716	763
114304	960	0.678	3.651E-311	3	686	687	6	716	763
136011	960	0.678	3.651E-311	3	686	687	6	716	763
38284	960	0.678	4.999E-311	3	686	687	6	716	763
168587	959	0.678	6.846E-311	3	686	687	6	716	763
501	959	0.697	1.284E-310	0	686	687	0	685	732
108872	959	0.677	1.284E-310	3	686	687	6	716	763
146864	959	0.677	1.284E-310	3	686	687	6	716	763
125150	958	0.677	2.407E-310	3	686	687	6	716	763
130578	958	0.677	2.407E-310	3	686	687	6	716	763
168578	958	0.677	2.407E-310	3	686	687	6	716	763
146879	957	0.677	3.297E-310	3	686	687	6	716	763
38279	957	0.676	4.515E-310	3	686	687	6	716	763
81715	955	0.675	2.977E-309	3	686	687	6	716	763
54574	949	0.672	2.428E-307	3	686	687	6	716	763
40179	944	0.688	1.056E-305	2	686	687	4	690	737
109087	913	0.672	6.417E-295	3	686	687	5	681	728
35031	908	0.667	5.225E-293	2	686	687	3	688	735
77623	908	0.667	5.225E-293	2	686	687	3	688	735
89958	903	0.957	2.269E-291	0	447	687	0	447	461
67930	903	0.957	2.269E-291	0	447	687	0	447	794
149376	842	0.462	1.703E-270	3	686	687	6	1015	1062
30041	841	0.461	8.190E-270	3	686	687	6	1015	1062
16573	837	0.460	1.383E-268	3	686	687	6	1015	1062
16556	504	0.990	8.371E-154	447	686	687	4	243	290
95387	499	0.982	2.578E-152	447	686	687	20	259	306
11108	467	1.00	2.300E-141	474	686	687	0	212	259
90097	430	0.386	2.049E-128	1	655	687	2	608	993
62652	426	0.384	3.341E-127	1	655	687	2	608	993
163286	400	0.357	2.525E-118	4	686	687	6	689	740
119713	389	0.713	1.979E-114	425	686	687	0	269	316
62501	321	0.981	1.903E-91	533	686	687	0	153	200
82337	232	0.253	7.259E-62	0	686	687	0	633	682
11124	150	0.987	1.252E-35	616	686	687	0	70	117
163758	141	0.232	6.441E-33	3	459	687	5	489	656
105401	115	0.693	9.808E-25	607	686	687	0	80	127
 19483	1198	0.951	0.000E+00	0	598	600	0	598	599
 171494	508	0.962	3.536E-163	0	249	251	0	249	250
 