127853	1231	0.970	0.000E+00	0	601	603	478	1079	1080
118053	1000	0.801	0.000E+00	0	601	603	478	1086	1088
7750	998	0.825	0.000E+00	16	601	603	491	1077	1079
139723	905	0.722	1.190E-293	0	601	603	474	1095	1097
124155	904	0.717	1.629E-293	0	601	603	478	1104	1106
1902	885	0.702	1.102E-286	0	601	603	479	1107	1109
19440	876	0.717	1.527E-283	16	601	603	495	1101	1103
157994	864	0.709	1.396E-279	16	601	603	491	1097	1099
105464	857	0.705	4.011E-277	16	601	603	495	1100	1102
165559	854	0.701	4.964E-276	0	601	603	478	1085	1086
107760	852	0.694	2.392E-275	0	601	603	478	1091	1092
109305	849	0.679	2.161E-274	0	601	603	479	1106	1108
120172	848	0.678	7.601E-274	0	601	603	479	1106	1108
2363	842	0.709	6.205E-272	16	601	603	495	1085	1087
96918	838	0.671	1.440E-270	0	601	603	478	1105	1107
65883	837	0.690	2.700E-270	16	601	603	495	1101	1103
60429	837	0.690	3.698E-270	16	601	603	495	1101	1103
38610	837	0.670	3.698E-270	0	601	603	479	1107	1109
82158	837	0.690	5.064E-270	16	601	603	495	1101	1103
71329	835	0.689	1.301E-269	16	601	603	495	1101	1103
73494	835	0.689	1.301E-269	16	601	603	495	1101	1103
132497	835	0.689	1.301E-269	16	601	603	495	1101	1103
91676	835	0.687	2.439E-269	0	601	603	484	1091	1092
11596	831	0.666	3.018E-268	0	601	603	479	1107	1109
123808	830	0.665	1.061E-267	0	601	603	478	1106	1108
94490	829	0.684	1.990E-267	16	601	603	495	1101	1103
167702	827	0.676	9.586E-267	0	601	603	474	1088	1089
22347	825	0.682	4.617E-266	16	601	603	495	1101	1103
169052	824	0.681	1.186E-265	16	601	603	495	1101	1103
49575	822	0.659	7.819E-265	0	601	603	479	1107	1109
123735	821	0.693	1.466E-264	16	601	603	495	1086	1088
167566	817	0.655	3.401E-263	0	601	603	479	1108	1110
91440	812	0.660	1.479E-261	0	601	603	478	1098	1100
93012	810	0.670	7.121E-261	16	601	603	495	1102	1104
159782	810	0.670	9.751E-261	16	601	603	495	1102	1104
77901	807	0.667	6.430E-260	14	601	603	490	1099	1101
57813	802	0.723	3.827E-258	73	601	603	2	551	553
153854	801	0.652	1.346E-257	0	601	603	478	1098	1100
126988	754	0.633	2.346E-241	0	601	603	478	1083	1085
49454	734	0.619	1.556E-234	16	601	603	495	1100	1102
118322	717	0.594	8.341E-229	0	601	603	479	1101	1103
172451	697	0.589	1.030E-221	16	601	603	495	1106	1108
125595	696	0.589	1.410E-221	16	601	603	495	1106	1108
13269	694	0.571	6.775E-221	0	601	603	479	1112	1114
138419	694	0.571	6.775E-221	0	601	603	479	1112	1114
119828	646	0.544	3.949E-204	0	601	603	482	1107	1109
103732	638	0.539	1.531E-201	0	601	603	479	1104	1106
167227	627	0.531	1.869E-197	0	601	603	481	1106	1108
44187	589	0.542	2.201E-184	16	588	603	495	1001	1018
121521	550	0.489	3.452E-171	0	601	603	475	1085	1086
4433	543	0.484	9.668E-169	0	601	603	482	1092	1093
73491	530	0.468	2.955E-164	0	601	603	478	1101	1103
76753	518	0.479	4.812E-160	0	590	603	475	1031	1046
58416	446	0.407	3.200E-135	0	601	603	481	1111	1113
29379	441	0.427	9.878E-134	16	601	603	495	910	912
126935	440	0.404	3.437E-133	0	601	603	475	1105	1107
128403	421	0.404	1.074E-126	0	601	603	479	898	900
160773	358	0.366	3.037E-105	0	588	603	474	1061	1078
4106	352	0.439	3.163E-103	181	589	603	547	996	1014
53268	343	0.361	5.317E-100	16	590	603	491	1058	1073
98424	339	0.352	8.597E-99	0	590	603	475	1065	1080
47359	338	0.352	2.173E-98	0	588	603	476	1064	1081
55021	334	0.348	3.508E-97	0	590	603	475	1065	1080
744	330	0.345	1.049E-95	0	588	603	479	1069	1086
147144	329	0.351	1.946E-95	16	590	603	495	1062	1077
51154	246	0.412	1.785E-67	280	601	603	399	739	740
115922	245	0.476	6.014E-67	338	601	603	461	739	740
142780	245	0.349	6.014E-67	173	601	603	310	739	740
123657	244	0.293	8.147E-67	28	588	603	476	909	926
74138	244	0.456	1.495E-66	326	601	603	445	738	739
136449	243	0.284	3.715E-66	1	588	603	512	971	988
11567	242	0.283	5.032E-66	1	588	603	512	971	988
23359	242	0.292	5.032E-66	28	588	603	539	971	988
112427	241	0.284	1.250E-65	7	588	603	524	978	995
172824	235	0.283	1.176E-63	16	588	603	492	1060	1077
141721	233	0.334	3.946E-63	153	588	603	594	971	988
158157	231	0.277	1.790E-62	7	590	603	524	979	994
98433	231	0.277	2.421E-62	7	588	603	524	977	994
28109	231	0.347	2.421E-62	181	588	603	616	978	995
152554	231	0.347	2.421E-62	181	588	603	616	978	995
166758	231	0.344	3.276E-62	176	588	603	551	905	922
131003	230	0.351	5.995E-62	190	588	603	645	977	994
169054	229	0.276	8.109E-62	7	588	603	524	977	994
162091	229	0.346	8.109E-62	181	588	603	616	978	995
16884	229	0.357	1.484E-61	209	595	603	583	916	920
114741	228	0.354	2.007E-61	198	588	603	631	977	994
16856	224	0.271	7.495E-60	7	590	603	524	979	994
711	221	0.744	6.175E-59	0	138	603	479	623	624
161579	208	0.377	9.217E-55	289	601	603	26	351	352
150802	201	0.317	2.006E-52	204	600	603	490	896	899
59120	194	0.218	5.769E-50	0	590	603	555	1316	1318
40822	192	0.218	2.550E-49	11	590	603	557	1309	1311
163573	192	0.218	2.550E-49	11	590	603	557	1310	1312
155568	190	0.217	8.366E-49	11	590	603	581	1334	1336
98461	175	0.206	4.706E-44	2	590	603	560	1339	1341
39647	166	0.210	7.212E-41	25	590	603	586	1285	1287
58133	160	0.203	3.207E-39	17	595	603	589	1320	1324
16898	159	0.200	7.685E-39	2	595	603	570	1319	1323
159108	154	0.201	4.491E-37	11	590	603	556	1271	1273
159545	154	0.201	4.491E-37	11	590	603	556	1271	1273
52452	151	0.199	2.555E-36	11	590	603	571	1296	1298
18980	149	0.197	1.935E-35	11	590	603	557	1280	1282
581	148	0.197	3.447E-35	11	590	603	557	1280	1282
44150	147	0.196	4.601E-35	9	590	603	570	1294	1296
106633	147	0.196	4.601E-35	11	590	603	572	1300	1302
6158	147	0.197	6.140E-35	11	590	603	573	1289	1291
25057	146	0.196	1.093E-34	11	590	603	557	1280	1282
47707	145	0.196	2.596E-34	11	590	603	557	1274	1276
100598	143	0.196	8.216E-34	24	595	603	575	1285	1289
33271	143	0.195	1.096E-33	11	590	603	573	1290	1292
54874	139	0.193	2.582E-32	24	595	603	575	1285	1289
137814	139	0.192	2.582E-32	24	595	603	597	1318	1322
133708	137	0.192	1.082E-31	24	595	603	597	1306	1310
107629	136	0.190	2.555E-31	18	595	603	568	1284	1288
9773	126	0.191	2.399E-28	24	590	603	580	1241	1243
69426	124	0.310	9.928E-28	9	223	603	578	833	1048
85826	121	0.316	9.598E-27	11	223	603	558	799	1046
62117	118	0.301	9.238E-26	11	223	603	574	827	1080
80306	117	0.320	1.226E-25	11	200	603	556	786	1062
3528	116	0.297	2.861E-25	9	223	603	557	812	1065
60461	115	0.312	5.034E-25	25	223	603	586	820	1080
85873	114	0.305	1.174E-24	11	223	603	555	796	1038
68645	112	0.292	6.376E-24	11	223	603	558	811	1065
52947	111	0.294	8.451E-24	9	223	603	555	804	1064
163569	111	0.301	8.451E-24	24	223	603	597	837	1064
7532	111	0.300	8.451E-24	11	223	603	566	807	1067
107673	111	0.294	8.451E-24	9	223	603	570	819	1079
102361	111	0.293	1.120E-23	9	223	603	554	803	1063
71304	111	0.304	1.485E-23	24	223	603	596	830	1090
133729	110	0.296	2.607E-23	2	223	603	558	800	1023
136691	110	0.303	2.607E-23	9	200	603	554	787	1063
136464	110	0.302	2.607E-23	24	223	603	590	825	1085
87578	110	0.293	2.607E-23	11	229	603	578	825	1204
11559	109	0.292	3.455E-23	11	223	603	571	818	1078
71278	108	0.299	8.037E-23	24	223	603	596	831	1073
114561	108	0.290	8.037E-23	11	223	603	571	818	1078
128731	108	0.300	8.037E-23	24	223	603	597	831	1091
11436	108	0.289	1.065E-22	11	223	603	578	825	1085
15416	108	0.291	1.411E-22	0	200	603	572	815	1084
39600	108	0.293	1.411E-22	24	223	603	596	837	1090
33316	108	0.298	1.411E-22	24	223	603	596	831	1091
162227	107	0.292	1.869E-22	24	223	603	581	822	970
90481	107	0.292	1.869E-22	24	223	603	581	822	1075
163603	107	0.297	1.869E-22	24	223	603	596	831	1091
172746	107	0.297	2.475E-22	24	223	603	596	830	1090
23252	107	0.292	2.475E-22	24	223	603	599	840	1093
39539	107	0.292	2.475E-22	24	223	603	599	840	1093
52912	106	0.290	5.751E-22	24	223	603	597	838	1091
42013	105	0.281	7.617E-22	11	223	603	574	827	1080
128165	105	0.306	1.009E-21	24	223	603	579	798	1058
111434	103	0.298	3.101E-21	24	223	603	580	804	1046
79378	102	0.288	5.435E-21	11	223	603	554	790	1013
96416	102	0.291	5.435E-21	11	223	603	571	802	1025
101144	102	0.184	7.195E-21	16	597	603	436	868	871
95830	101	0.183	1.669E-20	16	597	603	437	869	872
41241	100	0.293	2.209E-20	24	223	603	579	803	1026
152582	100	0.183	2.924E-20	16	597	603	436	868	871
133163	89	0.293	5.578E-17	2	200	603	569	753	1009
74562	80	0.264	3.410E-14	11	223	603	556	751	1004
156484	75	0.253	1.273E-12	11	223	603	557	752	1005
18471	74	0.538	2.222E-12	11	80	603	556	624	1007
66813	74	0.538	2.222E-12	11	80	603	556	624	1007
100923	71	0.580	2.057E-11	18	78	603	121	181	332
 79256	445	0.945	1.103E-141	0	222	224	0	222	223
111165	434	0.924	7.541E-138	0	222	224	0	222	223
160033	434	0.924	7.541E-138	0	222	224	0	222	223
89407	210	0.501	2.921E-60	0	222	224	0	219	220
132420	198	0.516	4.988E-56	22	222	224	20	221	223
17098	195	0.503	4.501E-55	17	222	224	16	217	219
27943	188	0.488	6.863E-53	17	222	224	16	222	224
2106	183	0.508	4.072E-51	32	222	224	12	198	199
17097	183	0.478	7.630E-51	17	222	224	16	217	219
56731	168	0.457	6.160E-46	22	222	224	20	214	216
38628	162	0.459	1.273E-43	31	222	224	217	401	403
77518	152	0.423	2.349E-40	22	222	224	21	215	216
44248	149	0.416	3.933E-39	22	222	224	21	215	216
38803	147	0.413	1.376E-38	22	222	224	21	219	221
38820	147	0.412	1.881E-38	22	222	224	21	209	211
103961	145	0.409	4.810E-38	22	222	224	21	215	216
45605	145	0.408	8.994E-38	22	222	224	21	219	221
6224	144	0.407	1.230E-37	22	222	224	21	219	221
89280	144	0.407	1.230E-37	22	222	224	21	219	221
100186	144	0.407	1.230E-37	22	222	224	21	219	221
103962	143	0.405	2.299E-37	22	222	224	21	215	216
100301	143	0.403	4.298E-37	22	222	224	21	213	214
55792	141	0.401	1.098E-36	22	222	224	21	209	211
62125	141	0.376	1.502E-36	4	222	224	6	213	214
79169	141	0.399	2.053E-36	22	222	224	21	208	210
125666	141	0.399	2.053E-36	22	222	224	21	219	221
12727	139	0.396	7.171E-36	22	222	224	21	213	214
17084	135	0.388	1.633E-34	22	222	224	21	219	221
125667	135	0.387	2.231E-34	22	222	224	21	219	221
125661	133	0.384	7.784E-34	22	222	224	21	218	220
143029	133	0.384	7.784E-34	22	222	224	21	218	220
137674	130	0.393	6.926E-33	33	222	224	117	298	300
98517	130	0.376	1.293E-32	22	222	224	21	218	220
90105	129	0.385	1.767E-32	29	222	224	145	332	334
51381	129	0.371	2.414E-32	19	222	224	18	217	219
164385	128	0.369	4.505E-32	19	222	224	18	217	219
1515	126	0.365	2.144E-31	19	222	224	18	217	219
61793	126	0.365	2.144E-31	19	222	224	18	217	219
73025	120	0.348	3.140E-29	22	222	224	21	227	228
159468	117	0.350	2.776E-28	22	222	224	21	182	183
83581	116	0.348	5.172E-28	22	222	224	21	218	219
122995	115	0.363	1.315E-27	35	221	224	168	349	353
89662	111	0.354	4.019E-26	36	221	224	169	349	353
98713	109	0.345	1.392E-25	31	221	224	146	316	322
71180	108	0.348	2.590E-25	35	221	224	24	205	209
125675	107	0.324	6.571E-25	17	222	224	17	210	212
98534	73	0.269	2.766E-13	12	196	224	11	186	213
170389	73	0.269	2.766E-13	12	196	224	11	186	213
164383	72	0.268	3.749E-13	12	196	224	11	186	213
66387	64	0.248	1.590E-10	31	218	224	252	432	439
 111218	348	0.951	3.769E-109	0	172	174	361	533	534
158701	280	0.785	1.919E-85	0	172	174	355	526	527
10311	271	0.764	1.447E-82	0	172	174	352	523	524
44846	238	0.703	6.396E-71	9	172	174	365	531	532
131709	207	0.589	2.252E-60	0	171	174	356	535	545
88234	206	0.658	7.948E-60	13	168	174	378	532	552
22977	203	0.648	7.225E-59	16	172	174	375	531	533
126212	203	0.651	7.225E-59	13	168	174	378	532	552
15747	189	0.564	4.477E-54	0	171	174	357	529	550
6688	173	0.532	1.832E-48	0	167	174	347	516	526
50122	168	0.556	1.101E-46	13	168	174	364	519	526
 2434	636	0.968	3.765E-206	0	310	312	0	310	311
138633	636	0.968	3.765E-206	0	310	312	0	310	311
154583	636	0.968	3.765E-206	0	310	312	0	310	311
33433	629	0.958	1.096E-203	0	310	312	0	310	311
19334	622	0.950	1.697E-201	0	310	312	0	310	311
23647	621	0.949	3.187E-201	0	310	312	0	310	311
44290	621	0.949	3.187E-201	0	310	312	0	310	311
125725	621	0.949	3.187E-201	0	310	312	0	310	311
142011	604	0.925	4.599E-195	0	310	312	0	310	311
2471	543	0.843	3.991E-174	0	310	312	0	307	308
17148	539	0.837	9.319E-173	0	310	312	0	307	308
104011	539	0.837	9.319E-173	0	310	312	0	307	308
22576	509	0.796	4.379E-162	0	310	312	0	307	308
88965	486	0.769	3.764E-154	0	308	312	0	298	300
114868	486	0.769	3.764E-154	0	308	312	0	298	300
154086	478	0.758	2.048E-151	0	308	312	0	298	300
50904	309	0.541	4.523E-93	11	310	312	10	299	300
98583	309	0.541	4.523E-93	11	310	312	10	299	300
115882	302	0.536	9.422E-91	11	307	312	10	296	300
137133	263	0.463	3.994E-77	0	310	312	0	309	312
13407	259	0.460	9.179E-76	0	308	312	0	307	311
60673	259	0.460	9.179E-76	0	308	312	0	307	311
60674	259	0.460	9.179E-76	0	308	312	0	307	311
73742	259	0.460	9.179E-76	0	308	312	0	307	311
105583	259	0.460	9.179E-76	0	308	312	0	307	311
147537	259	0.460	9.179E-76	0	308	312	0	307	311
164487	259	0.460	9.179E-76	0	308	312	0	307	311
1448	258	0.457	2.351E-75	0	310	312	0	309	312
71985	258	0.456	3.216E-75	0	310	312	0	309	312
99148	258	0.456	3.216E-75	0	310	312	0	309	312
147929	258	0.456	3.216E-75	0	310	312	0	309	312
169746	258	0.456	3.216E-75	0	310	312	0	309	312
43641	179	0.367	2.346E-48	5	295	312	4	288	305
94542	174	0.357	1.820E-46	18	310	312	18	305	315
111322	174	0.357	1.820E-46	18	310	312	18	305	315
83964	174	0.357	1.820E-46	18	310	312	19	306	316
99959	173	0.356	2.483E-46	18	310	312	18	305	315
170219	173	0.356	2.483E-46	18	310	312	18	305	315
34801	173	0.356	3.387E-46	18	310	312	18	305	315
72809	173	0.356	3.387E-46	18	310	312	18	305	315
159970	173	0.356	3.387E-46	18	310	312	18	305	315
165611	173	0.356	3.387E-46	18	310	312	18	305	315
169876	173	0.356	3.387E-46	18	310	312	18	305	315
116540	173	0.356	3.387E-46	18	310	312	19	306	316
116260	173	0.355	4.620E-46	18	310	312	18	305	315
67887	172	0.355	6.303E-46	18	310	312	18	305	314
89602	172	0.355	6.303E-46	18	310	312	18	305	315
105031	172	0.357	6.303E-46	18	307	312	18	302	315
143893	172	0.355	6.303E-46	18	310	312	18	305	315
148462	172	0.354	8.598E-46	18	310	312	18	305	323
13079	171	0.353	1.173E-45	18	310	312	18	305	315
18539	171	0.353	1.173E-45	18	310	312	18	305	315
56507	171	0.353	1.173E-45	18	310	312	18	305	315
106161	171	0.353	1.173E-45	18	310	312	18	305	315
7668	171	0.353	1.173E-45	18	310	312	18	305	323
17864	171	0.353	1.173E-45	18	310	312	18	305	323
95109	171	0.341	1.600E-45	3	310	312	5	305	315
115585	171	0.353	1.600E-45	18	310	312	18	305	315
170530	171	0.355	1.600E-45	18	307	312	18	302	315
94825	171	0.355	1.600E-45	18	307	312	19	303	316
40257	171	0.352	2.182E-45	18	310	312	18	305	315
40262	171	0.352	2.182E-45	18	310	312	18	305	315
78222	171	0.352	2.182E-45	18	310	312	18	305	315
99937	171	0.352	2.182E-45	18	310	312	18	305	315
105090	171	0.352	2.182E-45	18	310	312	18	305	315
154228	171	0.352	2.182E-45	18	310	312	18	305	315
154268	171	0.352	2.182E-45	18	310	312	18	305	315
170559	171	0.352	2.182E-45	18	310	312	18	305	315
62249	170	0.352	2.977E-45	18	310	312	18	305	315
143897	170	0.352	2.977E-45	18	310	312	18	305	315
2214	170	0.351	4.060E-45	18	310	312	18	305	315
35315	170	0.351	4.060E-45	18	310	312	18	305	315
148758	170	0.351	4.060E-45	18	310	312	18	305	315
13111	169	0.351	5.538E-45	18	310	312	18	305	315
46172	169	0.351	5.538E-45	18	310	312	18	305	315
127092	169	0.353	5.538E-45	18	307	312	18	302	315
165110	169	0.353	5.538E-45	18	307	312	18	302	315
40534	169	0.353	5.538E-45	18	307	312	19	303	316
23931	169	0.350	7.553E-45	18	310	312	18	305	315
29389	169	0.350	7.553E-45	18	310	312	18	305	315
34813	169	0.350	7.553E-45	18	310	312	18	305	315
34819	169	0.350	7.553E-45	18	310	312	18	305	315
67361	169	0.350	7.553E-45	18	310	312	18	305	315
137972	169	0.350	7.553E-45	18	310	312	18	305	315
165131	169	0.350	7.553E-45	18	310	312	18	305	315
165608	169	0.350	7.553E-45	18	310	312	18	305	315
7957	169	0.350	7.553E-45	18	310	312	19	306	316
165082	169	0.350	7.553E-45	18	310	312	18	305	323
45646	169	0.350	1.030E-44	18	310	312	18	305	315
67891	169	0.365	1.030E-44	18	292	312	18	286	315
121563	169	0.353	1.030E-44	18	306	312	18	301	315
138255	169	0.350	1.030E-44	18	310	312	18	305	315
18819	169	0.350	1.030E-44	18	310	312	19	306	316
121652	169	0.350	1.030E-44	18	310	312	18	305	323
45678	168	0.349	1.405E-44	18	310	312	18	305	315
143367	168	0.349	1.405E-44	18	310	312	18	305	315
93870	168	0.349	1.405E-44	18	310	312	19	306	316
67389	168	0.348	1.916E-44	18	310	312	18	305	315
148828	168	0.348	1.916E-44	18	310	312	18	305	323
56547	167	0.349	3.564E-44	18	308	312	18	304	315
171035	167	0.347	4.860E-44	18	310	312	19	306	316
137978	166	0.335	6.627E-44	3	310	312	5	306	323
171115	165	0.344	1.680E-43	18	310	312	18	305	315
13985	154	0.335	9.798E-40	12	295	312	10	282	298
18175	154	0.335	9.798E-40	12	295	312	10	282	298
83334	154	0.335	9.798E-40	12	295	312	10	282	298
95556	151	0.330	1.582E-38	12	295	312	10	282	298
126522	119	0.278	7.454E-28	4	297	312	16	297	318
 14054	660	0.970	2.823E-214	0	321	323	0	321	322
60890	213	0.396	7.957E-60	3	313	323	2	307	313
35331	213	0.396	1.087E-59	3	313	323	2	307	313
6599	198	0.371	2.070E-54	7	317	323	8	322	324
 