57204	626	0.939	9.616E-203	0	316	318	0	316	317
111566	626	0.939	9.616E-203	0	316	318	0	316	317
609	622	0.933	3.080E-201	0	316	318	0	316	317
45278	621	0.932	5.784E-201	0	316	318	0	316	317
105234	620	0.931	1.489E-200	0	316	318	0	316	317
71161	619	0.930	2.796E-200	0	316	318	0	316	317
84311	619	0.929	3.832E-200	0	316	318	2	318	319
110648	617	0.926	1.853E-199	0	316	318	0	316	317
8118	614	0.933	2.305E-198	0	312	318	0	312	313
120019	594	0.897	1.171E-191	0	316	318	0	308	309
137567	594	0.897	1.171E-191	0	316	318	0	308	309
110701	550	0.834	1.812E-176	0	316	318	0	318	319
95147	550	0.833	2.482E-176	0	316	318	0	318	319
164973	550	0.833	2.482E-176	0	316	318	0	318	319
103541	550	0.833	3.402E-176	0	316	318	0	318	319
121527	548	0.831	1.200E-175	0	316	318	0	318	319
116876	544	0.829	3.838E-174	0	316	318	0	313	314
44043	535	0.817	5.382E-171	0	316	318	0	283	284
13029	518	0.801	4.109E-165	0	313	318	0	313	320
142400	517	0.794	5.630E-165	0	316	318	0	316	325
65534	514	0.790	9.588E-164	0	316	318	0	316	325
16676	513	0.789	1.314E-163	0	316	318	0	316	325
125254	513	0.789	1.314E-163	0	316	318	0	316	325
154123	503	0.811	3.454E-160	0	300	318	0	300	321
45035	452	0.732	1.516E-142	0	304	318	0	304	321
105224	452	0.735	2.846E-142	0	302	318	0	302	314
2660	451	0.728	3.900E-142	0	305	318	0	305	312
74319	451	0.730	3.900E-142	0	304	318	0	304	320
92866	451	0.730	3.900E-142	0	304	318	0	304	321
2223	451	0.733	7.320E-142	0	302	318	0	302	314
92853	450	0.705	1.003E-141	0	316	318	0	311	312
7	449	0.732	1.882E-141	0	302	318	0	302	314
23356	449	0.732	1.882E-141	0	302	318	0	302	314
163435	449	0.701	3.533E-141	0	316	318	0	317	321
168885	446	0.737	3.200E-140	0	297	318	0	297	315
99635	443	0.729	2.116E-139	0	299	318	0	299	314
111951	441	0.733	1.021E-138	0	296	318	0	296	304
163441	441	0.733	1.021E-138	0	296	318	0	296	304
143184	440	0.731	2.626E-138	0	296	318	0	296	304
34867	440	0.721	2.626E-138	0	301	318	0	301	305
121669	440	0.721	2.626E-138	0	301	318	0	301	305
126493	440	0.721	2.626E-138	0	301	318	0	301	305
149226	440	0.721	2.626E-138	0	301	318	0	301	305
11437	439	0.730	6.752E-138	0	296	318	0	296	304
79322	438	0.686	1.267E-137	0	316	318	0	318	319
7318	436	0.725	1.148E-136	0	296	318	0	296	304
87445	431	0.678	3.661E-135	0	316	318	0	317	320
136295	431	0.678	5.016E-135	0	316	318	0	317	320
170758	430	0.677	9.413E-135	0	316	318	0	317	320
84296	430	0.676	1.290E-134	0	316	318	0	317	320
121362	426	0.672	1.600E-133	0	316	318	0	317	320
103865	426	0.672	2.191E-133	0	316	318	0	317	320
130848	426	0.672	2.191E-133	0	316	318	0	317	320
159805	426	0.672	2.191E-133	0	316	318	0	317	320
3151	426	0.671	3.002E-133	0	316	318	0	317	320
55887	426	0.671	3.002E-133	0	316	318	0	317	320
65741	426	0.671	3.002E-133	0	316	318	0	317	320
130857	426	0.671	3.002E-133	0	316	318	0	317	320
147097	426	0.671	3.002E-133	0	316	318	0	317	320
168876	426	0.671	3.002E-133	0	316	318	0	317	320
92901	425	0.670	5.634E-133	0	316	318	0	317	320
120404	425	0.670	5.634E-133	0	316	318	0	317	320
44183	424	0.669	7.718E-133	0	316	318	0	317	320
82972	424	0.669	7.718E-133	0	316	318	0	317	320
148589	424	0.669	7.718E-133	0	316	318	0	317	320
153546	424	0.669	7.718E-133	0	316	318	0	317	320
165191	424	0.669	7.718E-133	0	316	318	0	317	320
82174	423	0.668	1.984E-132	0	316	318	0	317	321
78404	422	0.667	3.723E-132	0	316	318	0	317	320
27850	422	0.666	5.101E-132	0	316	318	0	317	321
95326	422	0.666	5.101E-132	0	316	318	0	317	321
114716	422	0.666	5.101E-132	0	316	318	0	317	321
147282	422	0.666	5.101E-132	0	316	318	0	317	321
34917	422	0.666	6.987E-132	0	316	318	0	317	321
56527	422	0.666	6.987E-132	0	316	318	0	317	321
109328	422	0.666	6.987E-132	0	316	318	0	317	321
142821	422	0.666	6.987E-132	0	316	318	0	317	321
143258	422	0.666	6.987E-132	0	316	318	0	317	321
159479	422	0.666	6.987E-132	0	316	318	0	317	321
92991	421	0.674	9.572E-132	0	302	318	0	312	321
17009	421	0.665	1.311E-131	0	316	318	0	317	321
55042	421	0.665	1.311E-131	0	316	318	0	317	321
57207	421	0.665	1.311E-131	0	316	318	0	317	321
60425	421	0.665	1.311E-131	0	316	318	0	317	321
65871	421	0.665	1.311E-131	0	316	318	0	317	321
78203	421	0.665	1.311E-131	0	316	318	0	317	321
82170	421	0.665	1.311E-131	0	316	318	0	317	321
98454	421	0.665	1.311E-131	0	316	318	0	317	321
100447	421	0.665	1.311E-131	0	316	318	0	317	321
116210	421	0.665	1.311E-131	0	316	318	0	317	321
122132	421	0.665	1.311E-131	0	316	318	0	317	321
125611	421	0.665	1.311E-131	0	316	318	0	317	321
132556	421	0.665	1.311E-131	0	316	318	0	317	321
143495	421	0.665	1.311E-131	0	316	318	0	317	321
148461	421	0.665	1.311E-131	0	316	318	0	317	321
158153	421	0.665	1.311E-131	0	316	318	0	317	321
163619	421	0.665	1.311E-131	0	316	318	0	317	321
17029	421	0.664	1.796E-131	0	316	318	0	317	321
23360	421	0.664	1.796E-131	0	316	318	0	317	321
72200	421	0.664	1.796E-131	0	316	318	0	317	321
147316	421	0.664	1.796E-131	0	316	318	0	317	321
152751	421	0.664	1.796E-131	0	316	318	0	317	321
168999	421	0.664	1.796E-131	0	316	318	0	317	321
2182	420	0.664	2.461E-131	0	316	318	0	317	321
76725	420	0.664	2.461E-131	0	316	318	0	317	321
83100	420	0.664	2.461E-131	0	316	318	0	317	321
170709	420	0.689	3.371E-131	0	299	318	0	303	307
38734	420	0.663	3.371E-131	0	316	318	0	317	321
54991	420	0.663	3.371E-131	0	316	318	0	317	321
82146	420	0.663	3.371E-131	0	316	318	0	317	321
109308	420	0.663	3.371E-131	0	316	318	0	317	321
114711	420	0.663	3.371E-131	0	316	318	0	317	321
163599	420	0.663	3.371E-131	0	316	318	0	317	321
169036	420	0.663	3.371E-131	0	316	318	0	317	321
567	419	0.663	4.618E-131	0	316	318	0	317	321
7071	419	0.663	4.618E-131	0	316	318	0	317	321
44396	419	0.663	4.618E-131	0	316	318	0	317	321
61614	419	0.663	4.618E-131	0	316	318	0	317	321
121370	419	0.663	4.618E-131	0	316	318	0	317	321
141870	419	0.663	4.618E-131	0	316	318	0	317	321
159772	419	0.663	4.618E-131	0	316	318	0	317	321
168841	419	0.663	4.618E-131	0	316	318	0	317	321
54897	419	0.662	6.326E-131	0	316	318	0	317	321
89177	419	0.662	6.326E-131	0	316	318	0	317	321
152765	419	0.662	6.326E-131	0	316	318	0	317	321
152767	419	0.662	6.326E-131	0	316	318	0	317	321
164754	419	0.662	6.326E-131	0	316	318	0	317	321
27863	419	0.687	8.666E-131	0	299	318	0	303	307
33288	419	0.687	8.666E-131	0	299	318	0	303	307
158186	419	0.687	8.666E-131	0	299	318	0	303	307
2691	419	0.662	8.666E-131	0	316	318	0	317	321
13092	419	0.662	8.666E-131	0	316	318	0	317	321
16870	419	0.662	8.666E-131	0	316	318	0	317	321
16984	419	0.662	8.666E-131	0	316	318	0	317	321
24535	419	0.662	8.666E-131	0	316	318	0	317	321
27900	419	0.662	8.666E-131	0	316	318	0	317	321
38634	419	0.662	8.666E-131	0	316	318	0	317	321
55017	419	0.662	8.666E-131	0	316	318	0	317	321
93018	419	0.662	8.666E-131	0	316	318	0	317	321
103885	419	0.662	8.666E-131	0	316	318	0	317	321
125434	419	0.662	8.666E-131	0	316	318	0	317	321
131016	419	0.662	8.666E-131	0	316	318	0	317	321
131052	419	0.662	8.666E-131	0	316	318	0	317	321
133214	419	0.662	8.666E-131	0	316	318	0	317	321
60466	418	0.661	1.187E-130	0	316	318	0	317	321
83357	418	0.661	1.187E-130	0	316	318	0	317	321
169007	418	0.661	1.187E-130	0	316	318	0	317	321
143057	418	0.686	1.626E-130	0	299	318	0	303	307
44142	417	0.660	2.228E-130	0	316	318	0	317	321
76748	417	0.660	3.052E-130	0	316	318	0	317	321
120162	417	0.660	3.052E-130	0	316	318	0	317	321
590	417	0.686	4.180E-130	0	302	318	0	302	308
126048	415	0.688	1.472E-129	0	297	318	0	300	305
139643	414	0.692	3.784E-129	0	297	318	0	297	308
28372	413	0.685	5.183E-129	0	297	318	0	300	305
7356	413	0.682	5.183E-129	0	302	318	0	302	308
13031	413	0.682	5.183E-129	0	302	318	0	302	308
120556	412	0.671	1.332E-128	1	308	318	4	309	310
27704	412	0.679	1.825E-128	0	302	318	0	302	308
29069	412	0.679	1.825E-128	0	302	318	0	302	308
141755	412	0.679	1.825E-128	0	302	318	0	302	308
34982	408	0.665	4.246E-127	1	308	318	4	308	309
24954	404	0.643	1.353E-125	0	316	318	0	316	320
117380	400	0.640	3.146E-124	0	315	318	0	307	309
138637	392	0.640	9.063E-122	0	309	318	0	303	310
159740	392	0.640	9.063E-122	0	309	318	0	303	310
168895	392	0.640	9.063E-122	0	309	318	0	303	310
24864	391	0.639	2.329E-121	0	309	318	0	303	310
45001	391	0.639	2.329E-121	0	309	318	0	303	310
2998	389	0.636	1.123E-120	0	309	318	0	303	310
30005	369	0.627	1.424E-113	1	299	318	5	300	301
20912	359	0.671	2.699E-110	0	267	318	0	266	284
92883	359	0.671	3.696E-110	0	267	318	0	266	285
166995	359	0.671	3.696E-110	0	267	318	0	266	285
34187	359	0.670	5.062E-110	0	267	318	0	266	285
45571	359	0.670	5.062E-110	0	267	318	0	266	285
51571	359	0.670	5.062E-110	0	267	318	0	266	285
87452	359	0.670	5.062E-110	0	267	318	0	266	285
127918	359	0.670	5.062E-110	0	267	318	0	266	285
111198	358	0.669	9.493E-110	0	267	318	0	266	285
114573	353	0.655	5.655E-108	0	270	318	0	268	311
8571	346	0.650	1.184E-105	0	267	318	0	266	285
149672	346	0.650	1.184E-105	0	267	318	0	266	285
71702	340	0.645	9.646E-104	2	267	318	8	273	292
33723	339	0.643	3.391E-103	2	267	318	8	273	292
55421	339	0.643	3.391E-103	2	267	318	8	273	292
98823	339	0.643	3.391E-103	2	267	318	8	273	292
120571	339	0.643	3.391E-103	2	267	318	8	273	292
131399	339	0.643	3.391E-103	2	267	318	8	273	292
153146	339	0.643	3.391E-103	2	267	318	8	273	292
87996	338	0.642	4.643E-103	2	267	318	8	273	292
8192	336	0.637	2.235E-102	1	267	318	7	273	296
22851	335	0.637	7.854E-102	2	267	318	8	273	292
82541	335	0.637	7.854E-102	2	267	318	8	273	292
133158	332	0.633	5.175E-101	2	267	318	8	273	294
110635	319	0.744	3.086E-96	91	300	318	0	209	221
165728	280	0.554	5.160E-83	1	262	318	2	265	282
106014	258	0.718	2.970E-75	91	267	318	0	176	195
35417	250	0.512	1.141E-72	3	262	318	4	256	276
96860	196	0.628	6.054E-54	0	156	318	0	155	200
 7303	542	0.962	9.648E-175	0	266	268	0	266	267
30152	542	0.962	9.648E-175	0	266	268	0	266	267
51569	320	0.649	1.440E-97	3	250	268	3	250	251
170502	290	0.598	3.492E-87	3	250	268	4	251	252
 40559	677	0.974	3.553E-220	0	328	329	0	328	443
105707	676	0.972	9.146E-220	0	328	329	0	328	443
18842	673	0.969	8.305E-219	0	328	329	0	328	443
45991	673	0.969	8.305E-219	0	328	329	0	328	443
 51868	668	0.981	3.769E-217	0	321	323	213	534	535
159315	668	0.981	3.769E-217	0	321	323	213	534	535
73285	504	0.762	3.163E-160	0	320	323	211	534	535
154215	425	0.661	7.022E-133	0	321	323	211	533	534
51223	385	0.614	4.436E-119	0	318	323	187	506	508
57739	379	0.606	4.963E-117	0	318	323	187	506	508
62566	379	0.606	6.798E-117	0	318	323	187	506	508
91581	339	0.551	3.055E-103	0	320	323	189	510	512
71748	334	0.540	1.815E-101	0	320	323	189	513	514
46189	331	0.537	1.637E-100	0	320	323	189	513	514
17458	327	0.535	5.183E-99	0	320	323	189	510	511
46653	321	0.572	5.764E-97	0	285	323	34	324	353
36553	320	0.528	1.080E-96	0	316	323	192	512	515
98637	215	0.387	1.672E-60	1	317	323	196	519	526
94892	214	0.385	5.824E-60	1	317	323	196	519	526
 51541	766	0.950	5.497E-250	0	382	384	269	651	652
133309	766	0.950	5.497E-250	0	382	384	269	651	652
57265	671	0.829	7.063E-217	0	382	384	314	705	706
89840	629	0.787	1.622E-202	0	381	384	305	694	696
94968	584	0.755	1.180E-186	0	379	384	290	666	671
105833	584	0.755	1.180E-186	0	379	384	290	666	671
153937	474	0.625	1.148E-148	0	379	384	303	688	693
155019	473	0.624	2.154E-148	0	379	384	303	688	693
 