35488	817	0.992	2.220E-267	0	388	390	0	388	389
89850	817	0.992	2.220E-267	0	388	390	0	388	389
62595	815	0.990	1.073E-266	0	388	390	0	388	389
92877	815	0.990	1.073E-266	0	388	390	0	388	389
152622	813	0.988	5.185E-266	0	388	390	0	388	389
29835	812	0.987	7.106E-266	0	388	390	0	388	389
83518	812	0.987	9.738E-266	0	388	390	0	388	389
23562	811	0.985	3.434E-265	0	388	390	0	388	389
88932	811	0.985	3.434E-265	0	388	390	0	388	389
115851	811	0.985	3.434E-265	0	388	390	0	388	389
141735	811	0.985	3.434E-265	0	388	390	0	388	389
65759	800	0.985	1.701E-261	5	388	390	0	383	384
73431	741	0.910	5.690E-241	0	388	390	0	388	389
143257	741	0.910	5.690E-241	0	388	390	0	388	389
95160	740	0.909	1.068E-240	0	388	390	0	388	389
99811	739	0.908	1.464E-240	0	388	390	0	388	389
88985	737	0.906	7.073E-240	0	388	390	0	388	389
81825	732	0.900	5.821E-238	0	388	390	0	388	389
165040	719	0.895	1.390E-233	2	386	390	1	385	395
132407	692	0.859	2.788E-224	0	387	390	0	387	393
120684	689	0.859	6.503E-223	0	385	390	0	385	403
168687	683	0.853	5.347E-221	0	385	390	0	385	403
103538	681	0.850	3.539E-220	0	385	390	0	385	403
43818	677	0.847	6.024E-219	0	385	390	0	385	403
141719	599	0.766	7.193E-192	2	384	390	1	383	402
23319	599	0.768	7.193E-192	2	383	390	1	382	406
71150	599	0.768	7.193E-192	2	383	390	1	382	406
156486	597	0.766	3.471E-191	2	383	390	1	382	406
63102	547	0.712	7.948E-174	5	385	390	1	381	385
63032	541	0.712	8.915E-172	4	380	390	1	377	380
62580	541	0.702	1.221E-171	5	387	390	3	385	394
149042	540	0.701	2.291E-171	5	387	390	3	385	394
114579	539	0.704	3.138E-171	5	385	390	3	383	394
15046	539	0.701	4.299E-171	5	387	390	3	385	394
83508	537	0.710	2.840E-170	6	380	390	3	377	380
1638	536	0.702	5.328E-170	6	385	390	3	382	387
88919	535	0.708	7.298E-170	5	380	390	1	376	379
152020	535	0.709	7.298E-170	6	380	390	3	377	380
71137	534	0.706	2.569E-169	5	380	390	1	376	379
6655	532	0.705	1.239E-168	6	380	390	3	377	380
159665	532	0.697	1.239E-168	6	385	390	3	382	387
154673	531	0.703	1.697E-168	5	380	390	1	376	379
147764	531	0.705	1.697E-168	6	380	390	3	377	380
77919	529	0.695	8.181E-168	6	385	390	3	382	386
33326	529	0.688	1.121E-167	5	387	390	3	386	390
35491	529	0.688	1.121E-167	5	387	390	3	386	390
39898	529	0.688	1.121E-167	5	387	390	3	386	390
44155	529	0.688	1.121E-167	5	387	390	3	386	390
56487	529	0.688	1.121E-167	5	387	390	3	386	390
87592	529	0.688	1.121E-167	5	387	390	3	386	390
94494	529	0.688	1.121E-167	5	387	390	3	386	390
98446	529	0.688	1.121E-167	5	387	390	3	386	390
100416	529	0.688	1.121E-167	5	387	390	3	386	390
136437	529	0.688	1.121E-167	5	387	390	3	386	390
147291	529	0.688	1.121E-167	5	387	390	3	386	390
169020	529	0.688	1.121E-167	5	387	390	3	386	390
109300	529	0.688	1.121E-167	5	387	390	3	386	391
125600	529	0.688	1.121E-167	5	387	390	3	386	391
716	528	0.687	2.103E-167	5	387	390	3	386	391
99654	528	0.687	2.103E-167	5	387	390	3	386	391
78731	527	0.686	3.945E-167	5	387	390	3	386	390
120154	527	0.686	3.945E-167	5	387	390	3	386	390
131051	527	0.686	3.945E-167	5	387	390	3	386	390
38709	527	0.686	3.945E-167	5	387	390	3	386	391
152580	527	0.686	3.945E-167	5	387	390	3	386	391
141903	527	0.686	5.403E-167	5	387	390	3	386	390
159083	527	0.686	5.403E-167	5	387	390	3	386	390
16830	527	0.686	5.403E-167	5	387	390	3	386	391
60430	527	0.686	5.403E-167	5	387	390	3	386	391
66112	527	0.686	5.403E-167	5	387	390	3	386	391
76738	527	0.686	5.403E-167	5	387	390	3	386	391
126745	527	0.686	5.403E-167	5	387	390	3	386	391
7467	526	0.685	1.014E-166	5	387	390	3	386	390
93000	526	0.685	1.014E-166	5	387	390	3	386	390
738	526	0.685	1.014E-166	5	387	390	3	386	391
13201	526	0.685	1.014E-166	5	387	390	3	386	391
29382	526	0.685	1.014E-166	5	387	390	3	386	391
71275	526	0.685	1.014E-166	5	387	390	3	386	391
82137	526	0.685	1.014E-166	5	387	390	3	386	391
87612	526	0.685	1.014E-166	5	387	390	3	386	391
111498	526	0.685	1.014E-166	5	387	390	3	386	391
121105	526	0.685	1.014E-166	5	387	390	3	386	391
121542	526	0.685	1.014E-166	5	387	390	3	386	391
121779	526	0.685	1.014E-166	5	387	390	3	386	391
131049	526	0.685	1.014E-166	5	387	390	3	386	391
168995	526	0.685	1.014E-166	5	387	390	3	386	391
169040	526	0.685	1.014E-166	5	387	390	3	386	391
110840	526	0.685	1.388E-166	5	387	390	3	386	390
143038	526	0.685	1.388E-166	5	387	390	3	386	390
3236	526	0.685	1.388E-166	5	387	390	3	386	391
6183	526	0.685	1.388E-166	5	387	390	3	386	391
11572	526	0.685	1.388E-166	5	387	390	3	386	391
17018	526	0.685	1.388E-166	5	387	390	3	386	391
50484	526	0.685	1.388E-166	5	387	390	3	386	391
55009	526	0.685	1.388E-166	5	387	390	3	386	391
61641	526	0.685	1.388E-166	5	387	390	3	386	391
71302	526	0.685	1.388E-166	5	387	390	3	386	391
73610	526	0.685	1.388E-166	5	387	390	3	386	391
98464	526	0.685	1.388E-166	5	387	390	3	386	391
104816	526	0.685	1.388E-166	5	387	390	3	386	391
109336	526	0.685	1.388E-166	5	387	390	3	386	391
125566	526	0.685	1.388E-166	5	387	390	3	386	391
136427	526	0.685	1.388E-166	5	387	390	3	386	391
136470	526	0.685	1.388E-166	5	387	390	3	386	391
138056	526	0.685	1.388E-166	5	387	390	3	386	391
141883	526	0.685	1.388E-166	5	387	390	3	386	391
148993	526	0.685	1.388E-166	5	387	390	3	386	391
154195	526	0.685	1.388E-166	5	387	390	3	386	391
60350	526	0.684	1.902E-166	5	387	390	3	386	391
67461	526	0.684	1.902E-166	5	387	390	3	386	391
103895	526	0.684	1.902E-166	5	387	390	3	386	391
147320	526	0.684	1.902E-166	5	387	390	3	386	391
147169	525	0.696	3.568E-166	5	380	390	1	376	379
1642	525	0.683	3.568E-166	5	387	390	3	386	391
165103	525	0.683	3.568E-166	5	387	390	3	386	391
99953	524	0.697	4.887E-166	6	380	390	3	377	380
104777	524	0.697	4.887E-166	6	380	390	3	377	380
60458	524	0.683	4.887E-166	5	387	390	3	386	391
13151	524	0.696	6.694E-166	6	380	390	3	377	380
127510	524	0.696	6.694E-166	6	380	390	3	377	380
103886	524	0.683	6.694E-166	5	387	390	3	386	391
121341	524	0.683	6.694E-166	5	387	390	3	386	391
33301	524	0.682	9.169E-166	5	387	390	3	386	391
103718	523	0.682	1.256E-165	5	387	390	3	386	391
6133	523	0.681	1.720E-165	5	387	390	3	386	391
22426	523	0.681	1.720E-165	5	387	390	3	386	391
38586	523	0.681	1.720E-165	5	387	390	3	386	391
38750	523	0.681	1.720E-165	5	387	390	3	386	391
76613	523	0.681	1.720E-165	5	387	390	3	386	391
82169	523	0.681	1.720E-165	5	387	390	3	386	391
147283	523	0.681	1.720E-165	5	387	390	3	386	391
154704	523	0.681	1.720E-165	5	387	390	3	386	391
152603	520	0.689	1.136E-164	4	380	390	1	377	380
165042	520	0.689	1.136E-164	4	380	390	1	377	380
2817	520	0.679	1.136E-164	5	387	390	3	386	391
7352	520	0.689	1.556E-164	4	380	390	1	377	380
163471	520	0.688	2.131E-164	4	380	390	1	377	380
123251	519	0.688	2.919E-164	4	380	390	1	377	380
22467	519	0.674	3.998E-164	3	387	390	1	386	390
29073	518	0.687	5.476E-164	4	380	390	1	377	380
114617	518	0.678	7.500E-164	6	387	390	4	386	390
143078	518	0.678	7.500E-164	6	387	390	4	386	390
143475	518	0.678	7.500E-164	6	387	390	4	386	390
152564	518	0.678	7.500E-164	6	387	390	4	386	390
98688	518	0.678	7.500E-164	6	387	390	4	386	391
109141	518	0.677	1.027E-163	6	387	390	4	386	390
155164	518	0.677	1.027E-163	6	387	390	4	386	390
1533	517	0.676	1.927E-163	6	387	390	4	386	390
61256	517	0.676	1.927E-163	6	387	390	4	386	390
138089	517	0.676	1.927E-163	6	387	390	4	386	390
154236	517	0.695	1.927E-163	6	376	390	3	373	545
170305	516	0.671	2.640E-163	3	387	390	1	386	390
125581	515	0.675	6.783E-163	6	387	390	4	386	390
147160	515	0.675	6.783E-163	6	387	390	4	386	390
33166	515	0.674	9.290E-163	6	387	390	4	386	390
100120	515	0.674	9.290E-163	6	387	390	4	386	390
168813	515	0.674	9.290E-163	6	387	390	4	386	390
26262	513	0.675	4.478E-162	0	380	390	0	379	382
144012	511	0.674	2.158E-161	5	384	390	3	382	531
8288	503	0.664	8.504E-159	4	383	390	2	382	528
80433	489	0.652	7.025E-154	6	384	390	3	381	387
13701	488	0.650	1.805E-153	3	381	390	1	379	523
24480	484	0.651	3.058E-152	6	381	390	4	379	529
65729	481	0.695	3.784E-151	41	385	390	0	344	347
164900	480	0.650	9.719E-151	5	377	390	0	372	381
11430	480	0.650	1.331E-150	5	377	390	0	372	381
29035	479	0.636	3.419E-150	5	386	390	0	381	388
163448	478	0.637	6.411E-150	5	384	390	0	379	381
12007	478	0.640	6.411E-150	4	381	390	1	378	527
33705	478	0.640	6.411E-150	4	381	390	1	378	527
49986	478	0.640	6.411E-150	4	381	390	1	378	527
66280	478	0.640	6.411E-150	4	381	390	1	378	527
77107	478	0.640	6.411E-150	4	381	390	1	378	527
98855	478	0.640	6.411E-150	4	381	390	1	378	527
131430	478	0.640	6.411E-150	4	381	390	1	378	527
153115	478	0.640	6.411E-150	4	381	390	1	378	527
44567	475	0.638	4.229E-149	4	381	390	1	378	527
104257	475	0.638	4.229E-149	4	381	390	1	378	527
111442	466	0.631	8.000E-146	6	380	390	4	378	528
92857	422	0.581	1.126E-130	6	380	390	2	377	380
127956	410	0.586	1.392E-126	5	364	390	1	361	371
160583	410	0.586	1.905E-126	5	364	390	1	361	371
13266	407	0.547	1.716E-125	6	386	390	3	393	397
98840	406	0.563	4.401E-125	6	377	390	3	378	397
89482	393	0.569	1.389E-120	5	362	390	1	359	371
106202	393	0.569	1.389E-120	5	362	390	1	359	371
12471	392	0.568	1.902E-120	5	362	390	1	359	371
109168	392	0.568	1.902E-120	5	362	390	1	359	371
114599	392	0.568	1.902E-120	5	362	390	1	359	371
133159	392	0.568	1.902E-120	5	362	390	1	359	371
23855	391	0.566	9.135E-120	5	362	390	1	359	371
29855	391	0.566	9.135E-120	5	362	390	1	359	371
53393	387	0.556	2.107E-118	4	365	390	1	363	372
96602	379	0.556	8.186E-116	6	360	390	3	358	372
23285	359	0.527	9.919E-109	5	364	390	0	359	369
155011	359	0.527	9.919E-109	5	364	390	0	359	369
147179	358	0.527	1.357E-108	5	364	390	0	359	369
3146	357	0.525	4.756E-108	5	364	390	0	359	369
123954	355	0.522	2.281E-107	5	365	390	0	360	369
77603	336	0.666	5.687E-101	135	387	390	0	252	256
111492	261	0.561	2.590E-75	5	246	390	0	241	244
168857	256	0.694	1.489E-73	4	186	390	1	183	194
557	251	0.678	1.166E-71	197	380	390	0	183	186
138024	214	0.468	5.613E-59	122	364	390	2	250	260
 89800	1399	0.958	0.000E+00	0	693	694	449	1142	1159
51862	1212	0.844	0.000E+00	0	693	694	449	1141	1158
115018	1175	0.813	0.000E+00	0	691	694	449	1151	1164
8365	1154	0.809	0.000E+00	0	693	694	449	1142	1159
136735	1145	0.803	0.000E+00	0	693	694	449	1143	1160
66159	1138	0.799	0.000E+00	0	693	694	449	1143	1160
22725	1095	0.773	0.000E+00	0	693	694	449	1143	1160
98729	1075	0.762	0.000E+00	0	693	694	449	1140	1157
109588	1043	0.734	0.000E+00	0	691	694	469	1171	1184
13872	1008	0.712	0.000E+00	0	691	694	449	1152	1165
55304	1002	0.717	0.000E+00	0	685	694	449	1142	1165
98737	1000	0.708	0.000E+00	0	691	694	449	1152	1165
33584	970	0.698	1.398E-314	0	693	694	449	1115	1132
98734	948	0.685	8.457E-307	0	693	694	449	1115	1132
169313	882	0.645	7.169E-284	0	693	694	449	1114	1131
105831	840	0.621	1.509E-269	0	691	694	449	1124	1137
22729	829	0.613	1.360E-265	0	693	694	449	1115	1132
56968	829	0.613	1.360E-265	0	693	694	449	1115	1132
73859	829	0.613	1.360E-265	0	693	694	449	1115	1132
94977	829	0.613	1.360E-265	0	693	694	449	1115	1132
104785	829	0.613	1.360E-265	0	693	694	449	1115	1132
169310	825	0.612	3.142E-264	0	691	694	449	1124	1137
120451	823	0.611	1.103E-263	0	691	694	449	1124	1137
17295	810	0.812	3.485E-259	0	484	694	449	932	933
111555	799	0.595	2.288E-255	0	693	694	449	1114	1131
138700	674	0.603	2.498E-212	0	574	694	449	995	1092
144130	466	0.639	1.387E-140	0	368	694	445	813	815
34694	161	0.284	5.962E-39	0	384	694	438	798	2349
45503	160	0.324	1.406E-38	0	310	694	441	725	2241
105305	158	0.321	4.409E-38	0	310	694	438	722	1954
82461	120	0.192	2.652E-26	0	508	694	457	1078	1151
35262	117	0.190	2.488E-25	0	508	694	457	1078	1151
13538	117	0.189	3.291E-25	0	508	694	457	1078	1151
127544	116	0.189	4.353E-25	0	507	694	457	1077	1151
8115	115	0.189	7.615E-25	0	508	694	457	1078	1151
89543	114	0.188	1.761E-24	0	508	694	457	1078	1151
56965	113	0.187	3.080E-24	0	508	694	457	1078	1151
84095	113	0.187	5.386E-24	0	507	694	457	1077	1151
89547	112	0.186	7.121E-24	0	508	694	457	1078	1149
83703	112	0.186	9.416E-24	0	508	694	494	1119	1192
67830	100	0.175	3.061E-20	0	508	694	457	1110	1183
94969	100	0.175	4.045E-20	0	508	694	457	1110	1183
13660	100	0.175	5.343E-20	0	508	694	457	1110	1183
18964	100	0.175	5.343E-20	0	508	694	457	1110	1183
73807	99	0.174	9.324E-20	0	508	694	457	1110	1183
105838	98	0.174	1.232E-19	0	508	694	457	1110	1183
133525	98	0.164	1.627E-19	0	629	694	457	1243	1296
149258	92	0.182	1.056E-17	0	520	694	465	1000	1226
160123	92	0.182	1.056E-17	0	520	694	465	1000	1226
126411	88	0.468	1.701E-16	410	509	694	1750	1849	1922
89665	83	0.165	8.301E-15	0	508	694	454	1086	1154
 2824	264	0.972	5.036E-81	0	127	129	0	127	128
116934	264	0.972	5.036E-81	0	127	129	0	127	128
61308	247	0.914	5.462E-75	0	127	129	0	127	128
78159	160	0.617	6.042E-45	0	125	129	0	130	133
164458	160	0.617	6.042E-45	0	125	129	0	130	133
89126	159	0.613	1.559E-44	0	125	129	0	130	133
17898	155	0.600	3.670E-43	0	125	129	0	130	133
34215	155	0.600	3.670E-43	0	125	129	0	130	133
110221	154	0.596	9.468E-43	0	125	129	0	130	133
2107	154	0.595	1.298E-42	0	125	129	0	130	133
126916	153	0.594	1.781E-42	0	125	129	0	130	133
116249	151	0.587	8.641E-42	0	125	129	0	130	133
6990	150	0.584	2.229E-41	0	125	129	0	130	133
29368	150	0.584	2.229E-41	0	125	129	0	130	133
34226	150	0.584	2.229E-41	0	125	129	0	130	133
56495	150	0.584	2.229E-41	0	125	129	0	130	133
78063	150	0.584	2.229E-41	0	125	129	0	130	133
88426	150	0.584	2.229E-41	0	125	129	0	130	133
93882	150	0.584	2.229E-41	0	125	129	0	130	133
94141	150	0.584	2.229E-41	0	125	129	0	130	133
105071	150	0.584	2.229E-41	0	125	129	0	130	133
121090	150	0.584	2.229E-41	0	125	129	0	130	133
143302	150	0.584	2.229E-41	0	125	129	0	130	133
148827	150	0.584	2.229E-41	0	125	129	0	130	133
149493	150	0.584	2.229E-41	0	125	129	0	130	133
170377	150	0.584	2.229E-41	0	125	129	0	130	133
65632	150	0.582	3.057E-41	0	125	129	0	130	133
155147	149	0.580	5.751E-41	0	125	129	0	130	133
137952	148	0.577	1.082E-40	0	125	129	0	130	133
 8414	416	1.00	1.842E-132	0	192	193	0	192	611
122351	414	1.00	8.920E-132	0	192	193	0	192	611
583	413	1.00	3.151E-131	0	192	193	0	192	611
7496	413	1.00	3.151E-131	0	192	193	0	192	611
34416	413	1.00	3.151E-131	0	192	193	0	192	611
49443	413	1.00	3.151E-131	0	192	193	0	192	611
76616	413	1.00	3.151E-131	0	192	193	0	192	611
121283	413	1.00	3.151E-131	0	192	193	0	192	611
122128	413	1.00	3.151E-131	0	192	193	0	192	611
141765	413	1.00	3.151E-131	0	192	193	0	192	611
144029	413	1.00	3.151E-131	0	192	193	0	192	611
164952	413	1.00	3.151E-131	0	192	193	0	192	611
58131	412	1.00	4.319E-131	0	192	193	0	192	611
16896	364	0.900	1.633E-114	0	192	193	0	192	611
27860	364	0.900	1.633E-114	0	192	193	0	192	611
71154	364	0.900	1.633E-114	0	192	193	0	192	611
22682	362	0.896	7.907E-114	0	192	193	0	192	611
45357	362	0.896	7.907E-114	0	192	193	0	192	611
109172	362	0.896	7.907E-114	0	192	193	0	192	611
120188	362	0.896	7.907E-114	0	192	193	0	192	611
136240	362	0.896	7.907E-114	0	192	193	0	192	611
33135	362	0.895	1.084E-113	0	192	193	0	192	611
54843	362	0.895	1.084E-113	0	192	193	0	192	611
62083	362	0.895	1.084E-113	0	192	193	0	192	611
67469	362	0.895	1.084E-113	0	192	193	0	192	611
72584	362	0.895	1.084E-113	0	192	193	0	192	611
79158	362	0.895	1.084E-113	0	192	193	0	192	611
121847	362	0.895	1.084E-113	0	192	193	0	192	611
153609	361	0.893	2.037E-113	0	192	193	0	192	611
77541	360	0.891	5.248E-113	0	192	193	0	192	611
158977	360	0.891	5.248E-113	0	192	193	0	192	611
39906	359	0.889	9.863E-113	0	192	193	0	192	297
171595	359	0.889	9.863E-113	0	192	193	25	217	385
27712	359	0.889	9.863E-113	0	192	193	0	192	610
55045	359	0.889	9.863E-113	0	192	193	0	192	610
83077	359	0.889	9.863E-113	0	192	193	0	192	610
84672	359	0.889	9.863E-113	0	192	193	0	192	610
89097	359	0.889	9.863E-113	0	192	193	0	192	610
55035	358	0.886	3.483E-112	0	192	193	0	192	297
131042	358	0.886	3.483E-112	0	192	193	0	192	297
741	358	0.886	3.483E-112	0	192	193	0	192	610
6130	358	0.886	3.483E-112	0	192	193	0	192	610
6164	358	0.886	3.483E-112	0	192	193	0	192	610
7094	358	0.886	3.483E-112	0	192	193	0	192	610
11565	358	0.886	3.483E-112	0	192	193	0	192	610
11586	358	0.886	3.483E-112	0	192	193	0	192	610
11606	358	0.886	3.483E-112	0	192	193	0	192	610
18488	358	0.886	3.483E-112	0	192	193	0	192	610
22440	358	0.886	3.483E-112	0	192	193	0	192	610
23648	358	0.886	3.483E-112	0	192	193	0	192	610
24410	358	0.886	3.483E-112	0	192	193	0	192	610
27889	358	0.886	3.483E-112	0	192	193	0	192	610
33294	358	0.886	3.483E-112	0	192	193	0	192	610
34834	358	0.886	3.483E-112	0	192	193	0	192	610
35492	358	0.886	3.483E-112	0	192	193	0	192	610
38706	358	0.886	3.483E-112	0	192	193	0	192	610
44148	358	0.886	3.483E-112	0	192	193	0	192	610
44169	358	0.886	3.483E-112	0	192	193	0	192	610
45773	358	0.886	3.483E-112	0	192	193	0	192	610
49560	358	0.886	3.483E-112	0	192	193	0	192	610
49594	358	0.886	3.483E-112	0	192	193	0	192	610
50739	358	0.886	3.483E-112	0	192	193	0	192	610
55043	358	0.886	3.483E-112	0	192	193	0	192	610
60431	358	0.886	3.483E-112	0	192	193	0	192	610
62050	358	0.886	3.483E-112	0	192	193	0	192	610
65877	358	0.886	3.483E-112	0	192	193	0	192	610
71285	358	0.886	3.483E-112	0	192	193	0	192	610
72987	358	0.886	3.483E-112	0	192	193	0	192	610
76574	358	0.886	3.483E-112	0	192	193	0	192	610
76746	358	0.886	3.483E-112	0	192	193	0	192	610
78189	358	0.886	3.483E-112	0	192	193	0	192	610
78698	358	0.886	3.483E-112	0	192	193	0	192	610
82192	358	0.886	3.483E-112	0	192	193	0	192	610
83474	358	0.886	3.483E-112	0	192	193	0	192	610
92836	358	0.886	3.483E-112	0	192	193	0	192	610
92989	358	0.886	3.483E-112	0	192	193	0	192	610
93014	358	0.886	3.483E-112	0	192	193	0	192	610
93034	358	0.886	3.483E-112	0	192	193	0	192	610
98439	358	0.886	3.483E-112	0	192	193	0	192	610
99365	358	0.886	3.483E-112	0	192	193	0	192	610
100540	358	0.886	3.483E-112	0	192	193	0	192	610
103855	358	0.886	3.483E-112	0	192	193	0	192	610
103905	358	0.886	3.483E-112	0	192	193	0	192	610
105493	358	0.886	3.483E-112	0	192	193	0	192	610
109293	358	0.886	3.483E-112	0	192	193	0	192	610
114592	358	0.886	3.483E-112	0	192	193	0	192	610
114739	358	0.886	3.483E-112	0	192	193	0	192	610
120147	358	0.886	3.483E-112	0	192	193	0	192	610
121323	358	0.886	3.483E-112	0	192	193	0	192	610
125605	358	0.886	3.483E-112	0	192	193	0	192	610
127103	358	0.886	3.483E-112	0	192	193	0	192	610
131022	358	0.886	3.483E-112	0	192	193	0	192	610
131047	358	0.886	3.483E-112	0	192	193	0	192	610
133212	358	0.886	3.483E-112	0	192	193	0	192	610
136356	358	0.886	3.483E-112	0	192	193	0	192	610
136430	358	0.886	3.483E-112	0	192	193	0	192	610
137619	358	0.886	3.483E-112	0	192	193	0	192	610
141876	358	0.886	3.483E-112	0	192	193	0	192	610
142118	358	0.886	3.483E-112	0	192	193	0	192	610
148205	358	0.886	3.483E-112	0	192	193	0	192	610
152619	358	0.886	3.483E-112	0	192	193	0	192	610
152730	358	0.886	3.483E-112	0	192	193	0	192	610
154208	358	0.886	3.483E-112	0	192	193	0	192	610
158151	358	0.886	3.483E-112	0	192	193	0	192	610
159362	358	0.886	3.483E-112	0	192	193	0	192	610
163594	358	0.886	3.483E-112	0	192	193	0	192	610
165182	358	0.886	3.483E-112	0	192	193	0	192	610
168996	358	0.886	3.483E-112	0	192	193	0	192	610
171023	358	0.886	3.483E-112	0	192	193	0	192	610
171331	358	0.886	3.483E-112	0	192	193	0	192	610
45099	357	0.885	4.775E-112	0	192	193	0	192	610
99827	357	0.885	4.775E-112	0	192	193	0	192	610
65897	357	0.883	8.974E-112	0	192	193	0	192	610
169030	357	0.883	8.974E-112	0	192	193	0	192	610
5818	352	0.873	3.953E-110	0	192	193	0	192	610
19154	352	0.873	3.953E-110	0	192	193	0	192	610
145363	352	0.873	3.953E-110	0	192	193	0	192	610
18376	349	0.867	2.624E-109	0	192	193	0	192	610
50964	349	0.867	2.624E-109	0	192	193	0	192	610
154865	349	0.867	2.624E-109	0	192	193	0	192	610
170419	349	0.867	2.624E-109	0	192	193	0	192	610
27715	349	0.866	4.930E-109	0	192	193	0	192	219
67607	349	0.866	4.930E-109	0	192	193	0	192	610
168879	347	0.863	1.270E-108	0	192	193	0	192	610
154872	347	0.862	1.741E-108	0	192	193	0	192	610
56401	342	0.856	7.670E-107	0	191	193	0	191	611
104398	342	0.852	7.670E-107	0	192	193	0	192	611
87252	341	0.848	2.709E-106	0	192	193	0	192	611
22103	340	0.848	3.713E-106	0	192	193	0	192	611
130681	340	0.848	3.713E-106	0	192	193	0	192	611
121040	339	0.844	1.311E-105	0	192	193	0	192	611
168871	339	0.844	1.311E-105	0	192	193	0	192	611
89034	335	0.840	2.242E-104	0	191	193	0	191	611
7722	334	0.842	4.213E-104	2	192	193	4	194	612
18518	334	0.842	4.213E-104	2	192	193	4	194	612
23342	334	0.842	4.213E-104	2	192	193	4	194	612
40646	334	0.842	4.213E-104	2	192	193	4	194	612
159353	334	0.841	5.775E-104	2	192	193	4	194	612
106444	334	0.840	7.916E-104	2	192	193	4	194	299
60901	334	0.837	7.916E-104	0	191	193	0	191	611
109806	333	0.836	1.085E-103	0	191	193	0	191	611
7501	333	0.839	1.488E-103	2	192	193	4	194	614
93932	333	0.839	1.488E-103	2	192	193	4	194	614
60284	332	0.829	2.796E-103	0	192	193	0	192	611
168858	332	0.829	3.832E-103	0	192	193	0	192	609
12913	331	0.826	9.872E-103	0	192	193	0	192	297
67809	331	0.826	9.872E-103	0	192	193	0	192	297
76564	331	0.834	9.872E-103	2	192	193	4	194	612
76597	331	0.834	9.872E-103	2	192	193	4	194	612
89036	331	0.834	9.872E-103	2	192	193	4	194	612
49447	330	0.824	1.855E-102	0	192	193	2	194	610
76014	330	0.832	1.855E-102	2	192	193	4	194	614
88791	329	0.830	3.486E-102	2	192	193	4	194	612
78230	329	0.830	3.486E-102	2	192	193	4	194	614
65750	328	0.827	8.981E-102	2	192	193	4	194	612
105074	328	0.827	8.981E-102	2	192	193	4	194	612
110987	315	0.807	2.171E-97	4	192	193	11	196	614
17405	315	0.806	2.976E-97	4	192	193	11	196	614
94323	307	0.811	1.192E-94	10	192	193	5	183	599
103722	307	0.811	1.192E-94	10	192	193	5	183	599
73916	306	0.773	2.239E-94	0	192	193	0	189	607
60298	305	0.807	5.768E-94	10	192	193	5	183	599
134926	301	0.798	1.351E-92	10	192	193	6	184	599
22849	300	0.772	4.771E-92	4	192	193	2	189	605
164001	300	0.772	4.771E-92	4	192	193	2	189	605
132185	299	0.791	1.229E-91	10	192	193	6	184	599
55394	298	0.768	2.309E-91	4	192	193	2	189	605
131426	298	0.768	2.309E-91	4	192	193	2	189	605
147707	298	0.768	2.309E-91	4	192	193	2	189	605
60853	296	0.765	8.153E-91	4	192	193	2	189	605
109728	296	0.765	8.153E-91	4	192	193	2	189	605
6535	292	0.765	2.617E-89	7	192	193	6	190	606
35436	291	0.764	3.588E-89	7	192	193	9	193	609
120573	290	0.776	9.241E-89	11	192	193	9	189	605
73435	289	0.735	3.262E-88	0	192	193	12	203	619
84199	284	0.746	1.968E-86	7	192	193	6	191	613
1099	281	0.816	1.789E-85	27	192	193	1	166	582
11422	275	0.741	1.479E-83	11	192	193	7	188	295
106010	273	0.721	1.344E-82	7	192	193	9	193	611
111422	269	0.721	1.675E-81	9	192	193	6	188	606
79005	259	0.688	6.084E-78	6	192	193	9	190	607
113032	258	0.686	1.143E-77	6	192	193	9	190	583
35486	258	0.686	1.143E-77	6	192	193	9	190	607
62018	258	0.686	1.143E-77	6	192	193	9	190	607
100869	258	0.686	1.143E-77	6	192	193	9	190	607
165960	258	0.702	1.143E-77	10	191	193	13	189	609
71173	256	0.680	1.039E-76	6	192	193	9	190	607
55882	251	0.685	3.331E-75	10	191	193	12	187	606
46027	250	0.683	8.576E-75	10	191	193	13	189	609
125423	250	0.683	8.576E-75	10	191	193	13	189	609
149453	250	0.683	8.576E-75	10	191	193	13	189	609
169889	250	0.683	8.576E-75	10	191	193	13	189	609
77678	250	0.682	1.175E-74	10	191	193	11	187	607
111461	250	0.682	1.175E-74	10	191	193	13	189	609
132944	250	0.682	1.175E-74	10	191	193	13	189	609
164894	250	0.682	1.175E-74	10	191	193	13	189	609
31328	248	0.722	4.148E-74	24	191	193	2	170	229
105060	248	0.678	4.148E-74	10	191	193	13	189	609
154341	248	0.678	4.148E-74	10	191	193	13	189	609
39163	247	0.676	7.791E-74	10	191	193	13	189	609
47930	247	0.676	7.791E-74	10	191	193	13	189	609
83462	247	0.676	7.791E-74	10	191	193	13	189	609
153170	247	0.676	7.791E-74	10	191	193	13	189	609
171022	247	0.675	1.068E-73	10	191	193	13	189	609
46521	246	0.661	2.749E-73	6	191	193	3	182	613
79148	246	0.661	2.749E-73	6	191	193	3	182	613
18905	244	0.652	7.079E-73	4	191	193	0	181	612
16876	242	0.647	4.692E-72	4	191	193	0	181	612
24767	242	0.647	4.692E-72	4	191	193	0	181	612
46296	242	0.647	4.692E-72	4	191	193	0	181	612
110192	242	0.647	4.692E-72	4	191	193	0	181	612
121576	242	0.647	4.692E-72	4	191	193	0	181	612
133005	242	0.647	4.692E-72	4	191	193	0	181	612
147172	242	0.647	4.692E-72	4	191	193	0	181	612
116436	237	0.615	2.061E-70	1	192	193	18	213	406
102108	236	0.639	5.305E-70	6	191	193	3	182	607
13996	233	0.604	9.050E-69	1	192	193	21	216	633
19152	232	0.603	1.700E-68	1	192	193	21	216	633
60295	232	0.603	1.700E-68	1	192	193	21	216	633
7463	222	0.632	4.487E-65	17	191	193	25	201	618
27595	222	0.632	4.487E-65	17	191	193	25	201	618
36773	219	0.622	5.582E-64	22	191	193	38	215	639
77178	219	0.622	5.582E-64	22	191	193	38	215	639
77179	219	0.622	5.582E-64	22	191	193	38	215	639
149289	219	0.622	5.582E-64	22	191	193	38	215	639
732	217	0.964	1.969E-63	87	192	193	0	105	210
49598	217	0.964	1.969E-63	87	192	193	0	105	523
90101	217	0.964	1.969E-63	87	192	193	0	105	523
131034	217	0.964	1.969E-63	87	192	193	0	105	523
3290	213	0.567	4.597E-62	7	191	193	23	216	642
121006	205	0.644	2.505E-59	6	165	193	9	163	938
145786	205	0.644	2.505E-59	6	165	193	9	163	938
133139	195	0.609	1.236E-55	30	191	193	55	215	642
55027	180	0.959	1.940E-50	105	192	193	0	87	505
95530	180	0.959	1.940E-50	105	192	193	0	87	505
136463	180	0.959	1.940E-50	105	192	193	0	87	505
31215	176	0.534	4.514E-49	27	192	193	6	177	598
51437	173	0.527	4.085E-48	27	192	193	7	178	600
128012	173	0.527	4.085E-48	27	192	193	7	178	600
121497	172	0.524	1.050E-47	27	192	193	7	178	600
161511	162	0.875	1.994E-44	105	192	193	0	87	503
78484	160	0.539	1.802E-43	45	192	193	1	154	576
40148	159	0.896	2.468E-43	108	191	193	1	84	504
 143856	633	0.946	3.465E-205	0	317	319	0	317	318
 