73490	563	0.936	1.307E-181	0	285	287	0	285	286
133281	563	0.936	1.307E-181	0	285	287	0	285	286
92875	562	0.935	3.366E-181	0	285	287	0	285	286
137792	559	0.930	4.190E-180	0	285	287	0	285	286
164711	559	0.930	4.190E-180	0	285	287	0	285	286
165560	559	0.929	5.742E-180	0	285	287	0	285	286
118437	556	0.925	7.148E-179	0	285	287	0	285	286
72422	552	0.919	1.671E-177	0	285	287	0	285	286
116091	552	0.919	1.671E-177	0	285	287	0	285	286
33184	520	0.872	2.042E-166	0	285	287	0	285	286
49446	516	0.867	3.483E-165	0	285	287	0	285	286
95168	516	0.867	3.483E-165	0	285	287	2	287	288
22328	477	0.809	1.688E-151	0	285	287	0	252	253
148671	324	0.579	1.026E-98	0	285	287	0	288	289
154878	324	0.579	1.026E-98	0	285	287	0	288	289
12961	321	0.575	1.270E-97	0	285	287	0	288	289
43820	320	0.578	3.264E-97	0	285	287	0	285	286
152398	320	0.578	3.264E-97	0	285	287	0	285	286
60966	318	0.576	1.148E-96	0	285	287	0	285	286
87249	317	0.574	2.950E-96	0	285	287	0	285	286
116862	313	0.563	9.378E-95	0	285	287	0	288	289
121558	312	0.562	1.759E-94	0	285	287	0	288	289
130685	312	0.561	2.409E-94	0	285	287	0	288	289
129429	311	0.560	3.299E-94	0	285	287	0	288	289
45602	307	0.558	7.654E-93	0	285	287	0	286	287
31783	306	0.556	1.966E-92	0	285	287	0	286	287
12969	295	0.553	9.543E-89	5	283	287	7	282	285
16852	276	0.509	6.350E-82	0	285	287	0	288	289
77608	272	0.506	1.073E-80	0	283	287	0	286	290
125439	270	0.503	7.061E-80	0	283	287	0	286	290
36592	239	0.469	3.019E-69	6	283	287	6	283	286
158007	238	0.457	7.734E-69	0	283	287	0	285	288
109298	237	0.455	1.981E-68	0	283	287	0	285	288
77891	236	0.455	2.711E-68	0	283	287	0	285	288
125447	236	0.438	2.711E-68	0	284	287	0	300	302
40236	235	0.454	5.075E-68	0	283	287	0	285	288
121750	235	0.454	5.075E-68	0	283	287	0	285	288
1665	235	0.453	6.944E-68	0	283	287	0	285	288
49582	235	0.453	6.944E-68	0	283	287	0	285	288
56395	235	0.453	6.944E-68	0	283	287	0	285	288
165129	235	0.453	6.944E-68	0	283	287	0	285	288
114719	235	0.452	9.501E-68	0	283	287	0	285	288
141860	235	0.452	9.501E-68	0	283	287	0	285	288
156626	235	0.435	9.501E-68	0	284	287	0	300	302
714	234	0.452	1.300E-67	0	283	287	0	285	288
7306	234	0.452	1.300E-67	0	283	287	0	285	288
18618	234	0.452	1.300E-67	0	283	287	0	285	288
27853	234	0.452	1.300E-67	0	283	287	0	285	288
29555	234	0.452	1.300E-67	0	283	287	0	285	288
33142	234	0.452	1.300E-67	0	283	287	0	285	288
152735	234	0.452	1.300E-67	0	283	287	0	285	288
165787	234	0.452	1.300E-67	0	283	287	0	285	288
22465	234	0.451	1.779E-67	0	283	287	0	285	288
130855	234	0.449	1.779E-67	0	285	287	0	287	288
153943	234	0.451	1.779E-67	0	283	287	0	285	288
39645	233	0.451	2.433E-67	0	283	287	0	285	288
127591	233	0.451	2.433E-67	0	283	287	0	285	288
152581	233	0.434	2.433E-67	0	284	287	0	300	302
24175	233	0.433	3.329E-67	0	284	287	0	300	302
735	233	0.449	4.555E-67	0	283	287	0	285	288
6060	233	0.449	4.555E-67	0	283	287	0	285	288
49597	233	0.449	4.555E-67	0	283	287	0	285	288
6127	232	0.449	6.232E-67	0	283	287	0	285	288
11603	232	0.449	6.232E-67	0	283	287	0	285	288
11611	232	0.449	6.232E-67	0	283	287	0	285	288
22445	232	0.449	6.232E-67	0	283	287	0	285	288
35266	232	0.449	6.232E-67	0	283	287	0	285	288
38760	232	0.449	6.232E-67	0	283	287	0	285	288
41240	232	0.449	6.232E-67	0	283	287	0	285	288
49602	232	0.449	6.232E-67	0	283	287	0	285	288
60423	232	0.449	6.232E-67	0	283	287	0	285	288
62061	232	0.449	6.232E-67	0	283	287	0	285	288
87590	232	0.449	6.232E-67	0	283	287	0	285	288
89780	232	0.449	6.232E-67	0	283	287	0	285	288
92998	232	0.449	6.232E-67	0	283	287	0	285	288
94187	232	0.449	6.232E-67	0	283	287	0	285	288
98444	232	0.449	6.232E-67	0	283	287	0	285	288
115930	232	0.449	6.232E-67	0	283	287	0	285	288
120178	232	0.449	6.232E-67	0	283	287	0	285	288
125564	232	0.449	6.232E-67	0	283	287	0	285	288
126906	232	0.449	6.232E-67	0	283	287	0	285	288
141881	232	0.449	6.232E-67	0	283	287	0	285	288
141901	232	0.449	6.232E-67	0	283	287	0	285	288
148783	232	0.449	6.232E-67	0	283	287	0	285	288
154705	232	0.449	6.232E-67	0	283	287	0	285	288
170201	232	0.449	6.232E-67	0	283	287	0	285	288
34757	232	0.448	8.527E-67	0	283	287	0	285	288
44175	232	0.448	8.527E-67	0	283	287	0	285	288
49557	232	0.448	8.527E-67	0	283	287	0	285	288
50527	232	0.448	8.527E-67	0	283	287	0	285	288
55933	232	0.448	8.527E-67	0	283	287	0	285	288
57108	232	0.448	8.527E-67	0	283	287	0	285	288
71307	232	0.448	8.527E-67	0	283	287	0	285	288
76715	232	0.448	8.527E-67	0	283	287	0	285	288
83671	232	0.448	8.527E-67	0	283	287	0	285	288
109182	232	0.432	8.527E-67	0	283	287	0	300	303
2339	231	0.448	1.167E-66	0	283	287	0	285	288
6154	231	0.448	1.167E-66	0	283	287	0	285	288
11823	231	0.448	1.167E-66	0	283	287	0	285	288
16999	231	0.448	1.167E-66	0	283	287	0	285	288
17022	231	0.448	1.167E-66	0	283	287	0	285	288
22324	231	0.448	1.167E-66	0	283	287	0	285	288
33274	231	0.448	1.167E-66	0	283	287	0	285	288
60473	231	0.448	1.167E-66	0	283	287	0	285	288
60475	231	0.448	1.167E-66	0	283	287	0	285	288
65861	231	0.448	1.167E-66	0	283	287	0	285	288
82138	231	0.448	1.167E-66	0	283	287	0	285	288
87615	231	0.448	1.167E-66	0	283	287	0	285	288
104773	231	0.448	1.167E-66	0	283	287	0	285	288
110776	231	0.448	1.167E-66	0	283	287	0	285	288
125598	231	0.448	1.167E-66	0	283	287	0	285	288
136268	231	0.448	1.167E-66	0	283	287	0	285	288
136426	231	0.448	1.167E-66	0	283	287	0	285	288
158024	231	0.448	1.167E-66	0	283	287	0	285	288
158184	231	0.448	1.167E-66	0	283	287	0	285	288
6161	231	0.447	1.596E-66	0	283	287	0	285	288
163589	231	0.447	1.596E-66	0	283	287	0	285	288
33165	231	0.430	1.596E-66	0	283	287	0	300	303
45604	231	0.430	1.596E-66	0	283	287	0	300	303
61642	231	0.430	1.596E-66	0	283	287	0	300	303
82173	231	0.447	2.184E-66	0	283	287	0	285	288
127899	231	0.447	2.184E-66	0	283	287	0	285	288
55007	230	0.446	2.987E-66	0	283	287	0	285	288
87610	230	0.445	4.087E-66	0	283	287	0	285	288
62578	230	0.441	4.087E-66	0	282	287	0	289	292
111440	229	0.428	5.591E-66	0	284	287	0	300	302
106795	229	0.444	7.649E-66	0	282	287	0	285	288
35432	228	0.447	1.959E-65	2	282	287	3	284	287
6014	228	0.451	2.679E-65	6	283	287	8	285	288
29806	226	0.437	9.384E-65	0	285	287	0	287	288
143208	225	0.436	1.756E-64	0	285	287	0	287	288
45359	224	0.420	6.149E-64	0	283	287	0	300	303
104333	220	0.430	1.031E-62	3	282	287	4	290	294
66374	219	0.428	2.638E-62	3	282	287	4	290	294
67990	217	0.428	9.231E-62	0	282	287	0	284	287
160874	208	0.404	1.690E-58	6	282	287	7	301	303
156097	207	0.412	4.320E-58	0	283	287	0	284	287
2142	205	0.410	1.104E-57	0	283	287	0	284	287
61628	205	0.410	1.104E-57	0	283	287	0	284	287
106021	205	0.410	1.104E-57	0	283	287	0	284	287
110909	205	0.410	1.104E-57	0	283	287	0	284	287
122528	205	0.410	1.104E-57	0	283	287	0	284	287
141717	205	0.410	1.510E-57	3	284	287	3	287	289
60308	203	0.412	9.863E-57	3	282	287	2	281	285
12450	203	0.406	9.863E-57	0	283	287	0	284	287
34246	203	0.406	9.863E-57	0	283	287	0	284	287
68029	203	0.406	9.863E-57	0	283	287	0	284	287
81991	203	0.406	9.863E-57	0	283	287	0	284	287
121462	203	0.406	9.863E-57	0	283	287	0	284	287
48153	202	0.406	1.348E-56	0	283	287	0	284	287
89512	202	0.406	1.348E-56	0	283	287	0	284	287
126457	202	0.406	1.348E-56	0	283	287	0	284	287
40030	202	0.405	1.844E-56	0	283	287	0	284	287
109738	202	0.405	1.844E-56	0	283	287	0	284	287
169458	202	0.405	1.844E-56	0	283	287	0	284	287
127590	201	0.405	2.520E-56	0	283	287	0	284	287
2593	201	0.403	4.710E-56	0	283	287	0	284	287
16877	199	0.406	1.645E-55	3	282	287	2	281	285
110193	198	0.405	3.074E-55	3	282	287	2	281	285
122202	198	0.395	3.074E-55	0	282	287	0	289	292
36147	198	0.404	4.203E-55	3	282	287	2	281	285
155062	198	0.404	4.203E-55	3	282	287	2	281	285
89573	198	0.408	5.745E-55	3	278	287	2	277	285
149200	198	0.408	5.745E-55	3	278	287	2	277	285
67286	197	0.403	7.853E-55	3	282	287	2	281	285
3087	196	0.401	2.006E-54	3	282	287	2	281	285
35716	196	0.401	2.006E-54	3	282	287	2	281	285
88753	194	0.396	9.569E-54	3	283	287	1	282	284
45462	191	0.394	1.165E-52	3	282	287	1	280	283
103730	189	0.391	4.063E-52	3	282	287	1	280	283
145087	188	0.392	1.037E-51	6	282	287	4	281	284
22274	187	0.395	2.646E-51	28	283	287	0	272	275
155705	134	0.291	3.233E-33	0	282	287	0	306	308
49432	116	0.481	4.550E-27	3	129	287	1	128	164
 14104	134	0.866	9.615E-37	0	72	74	0	72	73
56862	134	0.866	9.615E-37	0	72	74	0	72	73
 13359	1474	0.907	0.000E+00	0	777	779	0	777	778
56793	1474	0.907	0.000E+00	0	777	779	0	777	778
77588	1474	0.907	0.000E+00	0	777	779	0	777	778
116833	1474	0.907	0.000E+00	0	777	779	0	777	778
7512	1472	0.906	0.000E+00	0	777	779	0	777	778
165374	1472	0.906	0.000E+00	0	777	779	0	777	778
78290	1454	0.896	0.000E+00	0	777	779	0	777	778
46149	436	0.383	2.022E-129	0	672	779	0	667	788
23271	433	0.424	3.251E-128	0	578	779	0	576	788
29655	433	0.424	3.251E-128	0	578	779	0	576	788
51525	433	0.424	3.251E-128	0	578	779	0	576	788
72630	433	0.424	3.251E-128	0	578	779	0	576	788
72732	433	0.424	3.251E-128	0	578	779	0	576	788
81633	433	0.424	3.251E-128	0	578	779	0	576	788
110531	433	0.424	3.251E-128	0	578	779	0	576	788
111081	433	0.424	3.251E-128	0	578	779	0	576	788
137279	433	0.424	3.251E-128	0	578	779	0	576	788
153928	433	0.424	3.251E-128	0	578	779	0	576	788
157639	433	0.424	3.251E-128	0	578	779	0	576	788
54479	432	0.407	4.427E-128	0	612	779	0	594	787
54483	430	0.423	2.071E-127	0	578	779	0	576	788
103348	430	0.423	2.071E-127	0	578	779	0	576	788
5626	430	0.422	2.819E-127	0	578	779	0	576	788
168490	430	0.405	2.819E-127	0	612	779	0	595	788
70769	430	0.422	3.838E-127	0	578	779	0	576	788
11055	429	0.422	5.224E-127	0	578	779	0	576	788
27339	429	0.422	5.224E-127	0	578	779	0	576	788
72512	429	0.422	5.224E-127	0	578	779	0	576	788
76197	429	0.422	5.224E-127	0	578	779	0	576	788
105817	429	0.422	5.224E-127	0	578	779	0	576	788
110239	429	0.422	5.224E-127	0	578	779	0	576	788
114203	429	0.422	5.224E-127	0	578	779	0	576	788
146775	429	0.422	5.224E-127	0	578	779	0	576	788
97912	429	0.422	7.112E-127	0	578	779	0	576	788
35413	428	0.404	1.794E-126	0	612	779	0	593	786
16478	427	0.403	2.442E-126	0	612	779	0	593	786
116014	427	0.403	2.442E-126	0	612	779	0	593	786
5623	427	0.420	3.325E-126	0	578	779	0	576	788
97915	427	0.420	3.325E-126	0	578	779	0	576	788
97918	427	0.420	3.325E-126	0	578	779	0	576	788
76201	426	0.420	4.526E-126	0	578	779	0	576	788
38199	425	0.419	1.141E-125	0	578	779	0	576	788
152207	425	0.419	1.141E-125	0	578	779	0	576	788
38193	425	0.402	1.554E-125	0	612	779	0	593	786
130485	310	0.458	5.076E-87	0	371	779	0	373	374
 13430	1081	0.888	0.000E+00	0	583	584	0	583	1337
51908	1081	0.888	0.000E+00	0	583	584	0	583	1337
171207	1081	0.888	0.000E+00	0	583	584	0	583	1337
35010	1080	0.888	0.000E+00	0	583	584	0	583	1337
66007	1014	0.840	0.000E+00	0	583	584	0	583	1338
56221	1005	0.833	0.000E+00	0	583	584	0	583	1341
158299	1005	0.833	0.000E+00	0	583	584	0	583	1341
76864	1000	0.830	0.000E+00	0	583	584	0	583	1341
856	913	0.767	9.438E-297	0	583	584	0	583	1342
12933	804	0.680	3.474E-259	0	583	584	0	592	1344
121539	788	0.669	1.006E-253	0	583	584	0	592	1347
147442	788	0.669	1.377E-253	0	583	584	0	592	1346
11846	709	0.619	1.991E-226	0	583	584	0	585	1377
78115	709	0.619	1.991E-226	0	583	584	0	585	1377
147568	686	0.598	2.224E-218	0	583	584	0	591	1382
104134	684	0.596	1.069E-217	0	583	584	0	591	1382
143269	670	0.593	8.676E-213	1	583	584	2	584	1369
165314	670	0.593	8.676E-213	1	583	584	2	584	1370
136701	668	0.592	3.046E-212	1	583	584	2	584	1368
125851	667	0.584	7.813E-212	0	583	584	0	591	1379
87860	662	0.585	6.334E-210	0	583	584	0	585	1279
60714	661	0.585	8.669E-210	0	583	584	0	585	1278
125856	661	0.584	1.624E-209	0	583	584	0	585	1279
94422	658	0.582	1.068E-208	0	583	584	0	585	1277
93285	658	0.582	1.462E-208	0	583	584	0	585	1277
49846	658	0.577	1.462E-208	0	583	584	0	591	1396
100594	657	0.582	2.740E-208	0	583	584	0	585	1278
2870	656	0.581	7.025E-208	0	583	584	0	584	1277
66134	656	0.581	7.025E-208	0	583	584	0	584	1278
28134	655	0.581	9.616E-208	0	583	584	0	584	1277
28143	655	0.581	9.616E-208	0	583	584	0	584	1277
104139	655	0.581	9.616E-208	0	583	584	0	584	1277
99340	655	0.581	9.616E-208	0	583	584	0	584	1278
163856	655	0.581	1.316E-207	0	583	584	0	584	1277
78297	654	0.575	2.466E-207	0	583	584	0	591	1386
87851	654	0.580	3.375E-207	0	583	584	0	584	1277
110094	654	0.580	3.375E-207	0	583	584	0	584	1277
149000	654	0.580	3.375E-207	0	583	584	0	584	1277
126384	654	0.575	3.375E-207	0	583	584	0	591	1385
12925	653	0.574	4.620E-207	0	583	584	0	591	1382
6411	652	0.573	1.621E-206	0	583	584	0	591	1382
12369	651	0.573	3.038E-206	0	583	584	0	591	1392
28129	651	0.573	3.038E-206	0	583	584	0	591	1396
55264	637	0.564	1.791E-201	0	583	584	0	589	1433
60696	625	0.561	4.111E-197	1	583	584	2	577	1369
72474	623	0.559	1.974E-196	1	583	584	2	577	1369
72953	623	0.559	1.974E-196	1	583	584	2	577	1369
977	622	0.559	2.701E-196	1	583	584	2	577	1369
158418	622	0.559	2.701E-196	1	583	584	2	577	1369
125842	610	0.540	4.518E-192	0	583	584	0	596	1397
38978	610	0.540	4.518E-192	0	583	584	0	596	1398
7671	597	0.531	1.032E-187	0	583	584	0	596	1391
38979	594	0.529	1.268E-186	0	583	584	0	596	1388
18417	594	0.529	1.268E-186	0	583	584	0	596	1390
136699	536	0.534	1.756E-166	67	583	584	0	530	1325
62960	417	0.462	9.013E-126	1	498	584	2	466	1229
12887	417	0.457	1.681E-125	1	504	584	2	472	1224
13264	411	0.457	1.317E-123	1	498	584	2	466	1215
143443	409	0.466	4.579E-123	1	483	584	2	451	1222
93272	409	0.466	4.579E-123	1	483	584	2	451	1223
82413	380	0.431	4.572E-113	1	498	584	2	470	1279
116070	376	0.427	1.904E-111	1	498	584	2	470	1280
147064	250	0.342	9.815E-69	22	473	584	69	505	1727
93247	229	0.338	7.157E-62	5	419	584	10	429	1181
23334	229	0.338	9.690E-62	5	419	584	10	429	1183
45981	229	0.338	9.690E-62	5	419	584	10	429	1183
93248	229	0.338	9.690E-62	5	419	584	10	429	1183
106316	229	0.338	9.690E-62	5	419	584	10	429	1183
138157	229	0.338	9.690E-62	5	419	584	10	429	1183
6383	228	0.338	1.312E-61	5	419	584	10	429	1183
83478	95	0.180	7.799E-19	0	569	584	0	575	1336
55150	92	0.178	7.333E-18	0	575	584	0	564	1325
131157	92	0.177	9.702E-18	0	569	584	0	575	1340
136585	82	0.186	7.944E-15	0	448	584	0	390	1338
35047	79	0.168	7.401E-14	0	575	584	0	565	1340
149067	79	0.167	9.781E-14	0	577	584	0	583	1385
49722	77	0.171	3.942E-13	0	530	584	0	518	1336
136719	76	0.165	5.209E-13	0	577	584	0	583	1384
104148	71	0.162	2.571E-11	0	575	584	0	566	1375
169290	68	0.160	1.365E-10	0	573	584	0	568	1375
 2701	752	0.954	3.046E-245	0	373	375	0	373	374
 