14108	1256	0.997	0.000E+00	0	594	596	0	594	595
61594	1155	0.926	0.000E+00	0	594	596	0	594	595
46017	1154	0.989	0.000E+00	43	594	596	0	551	552
94885	1154	0.989	0.000E+00	43	594	596	0	551	552
110687	1149	0.922	0.000E+00	0	594	596	0	592	593
90148	1143	0.918	0.000E+00	0	594	596	0	592	593
78454	1141	0.917	0.000E+00	0	594	596	0	594	595
35346	1140	0.915	0.000E+00	0	594	596	0	592	593
6230	1139	0.915	0.000E+00	0	594	596	0	594	595
40459	1138	0.914	0.000E+00	0	594	596	0	594	595
109381	1138	0.914	0.000E+00	0	594	596	0	594	595
143025	1138	0.914	0.000E+00	0	594	596	0	594	595
143590	1138	0.914	0.000E+00	0	594	596	0	594	595
49664	1135	0.912	0.000E+00	0	594	596	0	594	595
76808	1135	0.912	0.000E+00	0	594	596	0	594	595
131099	1135	0.912	0.000E+00	0	594	596	0	594	595
152814	1135	0.912	0.000E+00	0	594	596	0	594	595
164889	1135	0.912	0.000E+00	0	594	596	0	594	595
67192	1134	0.911	0.000E+00	0	594	596	0	594	595
121592	1134	0.911	0.000E+00	0	594	596	0	594	595
72647	1133	0.911	0.000E+00	0	594	596	0	594	595
105767	1131	0.908	0.000E+00	0	594	596	0	595	596
165340	1131	0.908	0.000E+00	0	594	596	0	595	596
57252	1129	0.908	0.000E+00	0	594	596	0	591	592
111053	1127	0.906	0.000E+00	0	594	596	0	594	595
84482	1119	0.901	0.000E+00	0	594	596	0	593	594
38804	1119	0.900	0.000E+00	0	594	596	0	595	596
24259	1118	0.900	0.000E+00	0	594	596	0	593	594
33378	1116	0.898	0.000E+00	0	594	596	0	595	596
93107	1106	0.891	0.000E+00	0	594	596	0	583	584
71392	1105	0.891	0.000E+00	0	594	596	0	583	584
78506	1104	0.890	0.000E+00	0	594	596	0	583	584
33369	1103	0.889	0.000E+00	0	594	596	0	591	592
88379	1102	0.889	0.000E+00	0	594	596	0	583	584
93806	1102	0.889	0.000E+00	0	594	596	0	583	584
143156	1102	0.889	0.000E+00	0	594	596	0	583	584
169113	1102	0.889	0.000E+00	0	594	596	0	583	584
131090	1101	0.888	0.000E+00	0	594	596	0	591	592
148458	1101	0.888	0.000E+00	0	594	596	0	591	592
83515	1100	0.888	0.000E+00	0	594	596	0	586	587
103955	1099	0.887	0.000E+00	0	594	596	0	586	587
83941	1093	0.882	0.000E+00	0	594	596	0	583	584
147398	1093	0.882	0.000E+00	0	594	596	0	583	584
154451	1093	0.882	0.000E+00	0	594	596	0	583	584
89373	1092	0.882	0.000E+00	0	594	596	0	583	584
158947	1092	0.882	0.000E+00	0	594	596	0	583	584
18156	1092	0.882	0.000E+00	0	594	596	0	585	586
35111	1092	0.882	0.000E+00	0	594	596	0	585	586
158942	1091	0.881	0.000E+00	0	594	596	0	583	584
11664	1091	0.881	0.000E+00	0	594	596	0	593	594
100061	1090	0.881	0.000E+00	0	594	596	0	585	586
87670	1090	0.880	0.000E+00	0	594	596	0	593	594
98527	1073	0.868	0.000E+00	0	594	596	0	594	595
62160	1071	0.877	0.000E+00	8	594	596	8	594	595
137849	1069	0.876	0.000E+00	8	594	596	3	589	590
170160	1069	0.876	0.000E+00	8	594	596	3	589	590
93797	1069	0.876	0.000E+00	8	594	596	8	594	595
11663	1064	0.872	0.000E+00	8	594	596	3	589	590
18761	1060	0.859	0.000E+00	0	594	596	0	582	583
169105	1056	0.857	0.000E+00	0	594	596	0	593	594
92936	1046	0.849	0.000E+00	0	594	596	0	584	585
24177	1042	0.847	0.000E+00	0	594	596	0	583	584
29214	1042	0.847	0.000E+00	0	594	596	0	583	584
125492	1042	0.847	0.000E+00	0	594	596	0	584	585
99591	1020	0.831	0.000E+00	0	594	596	0	586	587
44979	948	0.780	8.122E-309	0	594	596	0	564	565
61691	948	0.780	8.122E-309	0	594	596	0	564	565
94188	948	0.780	8.122E-309	0	594	596	0	564	565
126840	948	0.780	8.122E-309	0	594	596	0	564	565
137387	948	0.780	8.122E-309	0	594	596	0	564	565
132206	948	0.780	1.112E-308	0	594	596	0	564	565
137697	948	0.780	1.112E-308	0	594	596	0	564	565
121597	941	0.795	2.341E-306	17	594	596	0	567	568
61221	896	0.743	1.209E-290	0	594	596	0	565	566
84598	896	0.743	1.209E-290	0	594	596	0	565	566
115643	896	0.743	1.209E-290	0	594	596	0	565	566
116589	896	0.743	1.209E-290	0	594	596	0	565	566
131112	896	0.743	1.209E-290	0	594	596	0	565	566
132341	896	0.743	1.209E-290	0	594	596	0	565	566
153514	896	0.743	1.209E-290	0	594	596	0	565	566
164897	896	0.743	1.209E-290	0	594	596	0	565	566
49677	895	0.743	2.269E-290	0	594	596	0	565	566
44249	894	0.742	5.829E-290	0	594	596	0	565	566
89010	893	0.741	1.498E-289	0	594	596	0	565	566
12376	861	0.719	1.269E-278	0	594	596	0	564	565
103946	861	0.718	1.739E-278	0	594	596	0	564	565
131096	860	0.718	2.381E-278	0	594	596	0	564	565
11654	860	0.718	3.261E-278	0	594	596	0	564	565
94709	860	0.718	3.261E-278	0	594	596	0	564	565
105615	860	0.718	3.261E-278	0	594	596	0	564	565
105612	859	0.717	4.466E-278	0	594	596	0	564	565
33372	859	0.717	6.117E-278	0	594	596	0	564	565
51034	859	0.717	6.117E-278	0	594	596	0	564	565
22526	859	0.717	8.377E-278	0	594	596	0	564	565
44232	858	0.717	1.147E-277	0	594	596	0	564	565
13261	858	0.716	1.571E-277	0	594	596	0	564	565
13745	858	0.716	1.571E-277	0	594	596	0	564	565
114806	858	0.716	1.571E-277	0	594	596	0	564	565
67554	857	0.716	2.152E-277	0	594	596	0	564	565
22513	856	0.715	5.529E-277	0	594	596	0	564	565
72078	856	0.715	5.529E-277	0	594	596	0	564	565
149020	856	0.715	5.529E-277	0	594	596	0	564	565
35034	856	0.715	1.037E-276	0	594	596	0	564	565
44231	856	0.715	1.037E-276	0	594	596	0	564	565
125665	855	0.714	1.420E-276	0	594	596	0	564	565
22527	854	0.713	4.997E-276	0	594	596	0	564	565
142774	854	0.713	4.997E-276	0	594	596	0	564	565
109390	853	0.713	6.843E-276	0	594	596	0	564	565
109391	852	0.712	1.284E-275	0	594	596	0	564	565
131095	851	0.721	4.516E-275	9	594	596	7	561	562
82947	850	0.711	6.185E-275	0	594	596	0	564	565
94767	846	0.708	1.966E-273	0	594	596	0	562	563
71384	846	0.708	2.693E-273	0	594	596	0	563	564
61312	845	0.707	3.688E-273	0	594	596	0	563	564
141961	845	0.707	3.688E-273	0	594	596	0	563	564
142746	845	0.707	5.051E-273	0	594	596	0	562	563
149185	843	0.706	2.433E-272	0	594	596	0	563	564
51147	841	0.704	1.606E-271	0	594	596	0	562	563
109389	841	0.704	1.606E-271	0	594	596	0	564	565
67750	840	0.704	2.199E-271	0	594	596	0	562	563
110678	839	0.712	7.735E-271	9	594	596	10	565	566
104669	838	0.709	1.059E-270	7	594	596	2	556	557
23235	833	0.707	8.648E-269	9	594	596	5	557	558
105730	830	0.697	7.813E-268	0	594	596	0	563	564
44241	829	0.705	1.070E-267	9	594	596	8	563	564
55098	828	0.700	3.764E-267	5	594	596	3	565	566
79223	819	0.695	3.800E-264	5	593	596	3	560	562
73011	817	0.693	1.830E-263	5	593	596	3	561	563
127319	816	0.693	3.432E-263	5	593	596	3	560	562
103947	795	0.759	1.108E-255	80	594	596	9	515	516
24677	794	0.681	1.518E-255	5	589	596	3	555	562
35018	794	0.681	1.518E-255	5	589	596	3	555	562
45850	794	0.681	1.518E-255	5	589	596	3	555	562
67583	794	0.681	1.518E-255	5	589	596	3	555	562
73104	794	0.681	1.518E-255	5	589	596	3	555	562
77514	794	0.681	1.518E-255	5	589	596	3	555	562
88394	794	0.681	1.518E-255	5	589	596	3	555	562
89413	794	0.681	1.518E-255	5	589	596	3	555	562
94461	794	0.681	1.518E-255	5	589	596	3	555	562
106094	794	0.681	1.518E-255	5	589	596	3	555	562
122399	794	0.681	1.518E-255	5	589	596	3	555	562
126925	794	0.681	1.518E-255	5	589	596	3	555	562
154112	794	0.681	1.518E-255	5	589	596	3	555	562
169828	794	0.681	1.518E-255	5	589	596	3	555	562
127289	794	0.681	2.079E-255	5	589	596	3	555	562
138170	794	0.681	2.079E-255	5	589	596	3	555	562
169811	794	0.681	2.079E-255	5	589	596	3	555	562
126802	794	0.680	2.846E-255	5	589	596	3	555	562
148959	794	0.680	2.846E-255	5	589	596	3	555	562
2505	792	0.680	7.309E-255	5	589	596	3	555	562
7710	792	0.680	7.309E-255	5	589	596	3	555	562
127270	792	0.680	7.309E-255	5	589	596	3	555	562
12906	792	0.679	1.370E-254	5	589	596	3	555	562
110685	790	0.678	6.598E-254	5	589	596	3	555	562
127267	790	0.678	6.598E-254	5	589	596	3	555	562
45026	788	0.677	1.694E-253	5	589	596	3	555	562
66659	788	0.677	1.694E-253	5	589	596	3	555	562
127859	788	0.677	1.694E-253	5	589	596	3	555	562
29142	787	0.676	4.350E-253	5	589	596	3	555	562
159966	787	0.676	5.957E-253	5	589	596	3	555	562
51366	786	0.675	1.117E-252	5	589	596	3	555	562
148482	786	0.675	1.117E-252	5	589	596	3	555	562
73003	786	0.678	1.529E-252	8	589	596	7	555	562
88914	784	0.677	3.927E-252	8	589	596	7	555	562
7540	784	0.674	5.377E-252	5	589	596	3	555	562
24261	784	0.674	5.377E-252	5	589	596	3	555	562
50913	784	0.674	5.377E-252	5	589	596	3	555	562
51298	784	0.674	5.377E-252	5	589	596	3	555	562
106111	784	0.674	5.377E-252	5	589	596	3	555	562
127309	784	0.674	5.377E-252	5	589	596	3	555	562
153519	784	0.674	5.377E-252	5	589	596	3	555	562
143194	784	0.673	7.363E-252	5	589	596	3	555	562
2958	782	0.672	2.589E-251	5	589	596	3	555	562
62157	781	0.672	4.854E-251	5	589	596	3	555	562
50940	781	0.671	9.101E-251	5	589	596	3	555	562
164381	781	0.671	9.101E-251	5	589	596	3	555	562
50371	780	0.674	1.246E-250	8	589	596	7	555	562
132893	780	0.674	1.246E-250	8	589	596	7	555	562
67222	763	0.650	1.262E-244	0	593	596	0	582	584
6945	762	0.650	1.728E-244	0	593	596	0	582	584
56810	762	0.649	3.240E-244	0	593	596	0	582	584
169814	759	0.648	2.135E-243	0	593	596	0	582	584
103964	759	0.654	2.923E-243	7	593	596	35	590	592
105248	758	0.653	7.504E-243	7	593	596	35	590	592
143276	757	0.653	1.027E-242	7	593	596	35	590	592
121974	757	0.652	1.407E-242	7	593	596	26	581	583
6943	757	0.652	1.407E-242	7	593	596	35	590	592
77509	757	0.652	1.407E-242	7	593	596	35	590	592
17100	756	0.652	1.926E-242	7	593	596	26	581	583
131104	755	0.651	6.770E-242	7	593	596	4	559	561
7937	754	0.651	9.269E-242	7	593	596	26	581	583
142747	753	0.650	2.379E-241	7	593	596	26	581	583
11672	753	0.650	2.379E-241	7	593	596	35	590	592
51365	753	0.650	2.379E-241	7	593	596	35	590	592
22528	750	0.647	4.023E-240	7	593	596	35	590	592
169812	749	0.647	5.509E-240	7	593	596	26	581	583
2089	749	0.646	1.033E-239	7	593	596	26	581	583
103963	749	0.646	1.033E-239	7	593	596	26	581	583
40050	749	0.646	1.033E-239	7	593	596	35	590	592
12028	744	0.644	4.481E-238	9	594	596	7	559	560
13025	743	0.643	1.150E-237	9	594	596	7	559	560
111366	743	0.643	1.150E-237	9	594	596	7	559	560
125684	743	0.643	1.150E-237	9	594	596	7	559	560
88051	741	0.642	5.534E-237	9	594	596	7	559	560
149170	686	0.713	3.687E-218	112	589	596	0	467	474
46425	655	0.419	1.585E-207	5	589	596	3	896	903
29059	652	0.418	2.671E-206	5	589	596	3	896	903
7859	646	0.415	2.161E-204	5	589	596	3	896	903
116794	610	0.664	1.009E-191	133	594	596	0	448	449
34668	431	0.421	3.469E-130	8	589	596	10	543	548
71414	430	0.421	8.835E-130	8	589	596	10	543	548
60554	428	0.419	3.073E-129	8	589	596	10	543	548
164401	427	0.419	5.731E-129	8	589	596	10	543	548
158277	425	0.421	2.722E-128	14	589	596	16	543	548
147417	421	0.414	1.144E-126	8	589	596	10	543	548
65984	419	0.413	2.912E-126	8	589	596	9	542	547
824	419	0.416	3.976E-126	14	589	596	16	543	548
111180	417	0.411	1.887E-125	8	589	596	10	543	548
147418	417	0.411	1.887E-125	8	589	596	10	543	548
45062	416	0.411	3.517E-125	8	589	596	10	543	548
137355	416	0.411	3.517E-125	8	589	596	10	543	548
154099	416	0.411	3.517E-125	8	589	596	10	543	548
93124	416	0.411	3.517E-125	8	589	596	11	544	549
65986	415	0.410	6.556E-125	8	589	596	10	543	548
55119	415	0.410	6.556E-125	8	589	596	11	544	549
61252	415	0.410	1.222E-124	8	589	596	10	543	548
169129	415	0.410	1.222E-124	8	589	596	11	544	549
46030	414	0.409	2.278E-124	8	589	596	10	543	548
158278	414	0.409	2.278E-124	8	589	596	10	543	548
61847	413	0.405	3.110E-124	0	589	596	6	543	548
109412	413	0.412	3.110E-124	14	589	596	16	543	548
60558	413	0.408	5.796E-124	8	589	596	4	537	542
65616	412	0.411	7.913E-124	14	589	596	16	543	548
170891	412	0.408	7.913E-124	8	589	596	10	543	548
110498	412	0.408	1.080E-123	8	589	596	10	543	548
147421	412	0.408	1.080E-123	8	589	596	10	543	548
71407	412	0.408	1.080E-123	8	589	596	11	544	549
109407	412	0.415	1.080E-123	8	575	596	11	527	549
152841	410	0.407	3.752E-123	8	589	596	11	544	549
11685	409	0.416	1.303E-122	14	575	596	16	526	548
33402	408	0.416	1.779E-122	14	575	596	16	526	548
17119	408	0.415	2.429E-122	14	575	596	16	526	548
131124	408	0.408	2.429E-122	14	589	596	16	543	548
82260	408	0.407	2.429E-122	14	590	596	16	542	553
93119	407	0.408	3.315E-122	14	589	596	16	543	548
131129	407	0.408	3.315E-122	14	589	596	16	543	548
8159	407	0.404	6.178E-122	8	589	596	10	548	553
77534	407	0.404	6.178E-122	8	589	596	10	548	553
33407	406	0.407	8.433E-122	14	589	596	16	543	548
34632	406	0.403	1.151E-121	8	589	596	10	543	548
55124	403	0.401	1.016E-120	8	589	596	10	548	553
88217	400	0.406	1.671E-119	20	586	596	8	528	540
120877	387	0.404	3.497E-115	37	590	596	36	575	579
49354	368	0.389	1.039E-108	37	590	596	24	559	563
163361	364	0.386	1.695E-107	37	591	596	24	562	565
163362	364	0.382	1.695E-107	28	591	596	15	565	568
93725	363	0.381	5.859E-107	28	591	596	15	562	565
50292	358	0.382	2.418E-105	37	590	596	24	564	568
32782	358	0.371	2.418E-105	14	590	596	42	587	589
71066	356	0.380	1.139E-104	37	591	596	24	565	568
147073	355	0.379	2.117E-104	37	591	596	24	565	568
27635	355	0.379	2.886E-104	37	591	596	24	565	568
87354	355	0.379	2.886E-104	37	591	596	24	565	568
103642	355	0.379	2.886E-104	37	591	596	24	565	568
136214	353	0.373	1.852E-103	28	591	596	15	565	568
43924	351	0.376	8.714E-103	37	591	596	23	563	566
38494	349	0.375	2.207E-102	37	591	596	24	565	568
159402	349	0.376	3.008E-102	38	588	596	18	526	532
11347	349	0.375	3.008E-102	37	591	596	24	565	568
103643	348	0.370	5.587E-102	28	591	596	15	565	568
164271	299	0.335	4.353E-85	37	593	596	23	562	564
157649	281	0.322	3.214E-79	34	591	596	17	548	551
49073	273	0.315	1.472E-76	31	591	596	9	517	520
127999	265	0.326	9.054E-74	67	578	596	3	517	536
159856	254	0.297	3.424E-70	16	576	596	6	578	598
146986	166	0.239	4.909E-41	42	584	596	9	530	537
154888	150	0.227	5.653E-36	43	582	596	10	523	536
158212	116	0.198	2.749E-25	28	582	596	10	538	558
11264	91	0.320	1.778E-17	402	578	596	11	183	203
76412	81	0.297	1.445E-14	402	578	596	11	183	203
 84685	468	0.956	1.024E-149	0	231	233	0	231	232
100494	430	0.886	1.965E-136	0	231	233	36	267	268
155296	430	0.886	1.965E-136	0	231	233	36	267	268
803	430	0.886	2.694E-136	0	231	233	36	267	268
143234	430	0.886	2.694E-136	0	231	233	36	267	268
132366	428	0.882	1.303E-135	0	231	233	36	267	268
141956	428	0.882	1.303E-135	0	231	233	36	267	268
132340	425	0.884	8.642E-135	0	229	233	36	265	268
121313	425	0.877	1.185E-134	0	231	233	36	267	268
50881	423	0.881	4.181E-134	0	229	233	36	265	268
109383	423	0.881	4.181E-134	0	229	233	36	265	268
45872	422	0.879	1.077E-133	0	229	233	16	245	248
50368	422	0.879	1.077E-133	0	229	233	16	245	248
153527	422	0.879	1.077E-133	0	229	233	16	245	248
154521	422	0.879	1.077E-133	0	229	233	16	245	248
33390	422	0.879	1.077E-133	0	229	233	36	265	268
44934	422	0.879	1.077E-133	0	229	233	36	265	268
138225	422	0.879	1.077E-133	0	229	233	36	265	268
143660	422	0.879	1.077E-133	0	229	233	36	265	268
7536	420	0.875	5.208E-133	0	229	233	36	265	268
138173	420	0.868	5.208E-133	0	231	233	36	267	268
78480	417	0.870	4.734E-132	0	229	233	16	244	247
7583	417	0.863	6.488E-132	0	231	233	36	267	268
51332	417	0.863	6.488E-132	0	231	233	36	267	268
165486	417	0.863	6.488E-132	0	231	233	36	267	268
170772	417	0.863	6.488E-132	0	231	233	36	267	268
94830	417	0.869	8.893E-132	0	229	233	36	265	267
77875	416	0.868	1.219E-131	0	229	233	36	265	267
159780	413	0.861	2.081E-130	0	229	233	36	265	267
122400	411	0.853	5.359E-130	0	231	233	36	266	267
34450	411	0.852	7.345E-130	0	231	233	36	266	267
98523	411	0.858	7.345E-130	0	229	233	36	265	268
94362	410	0.856	1.891E-129	0	229	233	16	245	248
93088	410	0.850	1.891E-129	0	231	233	36	266	267
158084	410	0.856	1.891E-129	0	229	233	36	265	268
22342	409	0.855	3.553E-129	0	229	233	36	265	268
22520	409	0.855	3.553E-129	0	229	233	36	265	268
38806	409	0.855	3.553E-129	0	229	233	36	265	268
100178	408	0.853	6.675E-129	0	229	233	36	265	268
169100	408	0.853	6.675E-129	0	229	233	36	265	268
17082	407	0.852	1.254E-128	0	229	233	36	264	267
93097	407	0.850	2.356E-128	0	229	233	36	265	268
29148	406	0.850	3.229E-128	0	229	233	36	265	268
55105	406	0.850	3.229E-128	0	229	233	36	265	268
131111	406	0.850	3.229E-128	0	229	233	36	265	268
153525	406	0.850	3.229E-128	0	229	233	36	265	268
35011	406	0.849	4.426E-128	0	229	233	36	265	268
65950	406	0.849	4.426E-128	0	229	233	36	265	268
39875	406	0.848	6.066E-128	0	229	233	36	265	268
87669	405	0.841	8.314E-128	0	231	233	36	266	272
152826	405	0.847	1.140E-127	0	229	233	36	265	268
116594	402	0.890	7.555E-127	16	231	233	0	215	216
165462	402	0.890	7.555E-127	16	231	233	0	215	216
158247	402	0.842	1.036E-126	0	229	233	16	245	248
155059	400	0.833	3.655E-126	0	231	233	36	266	267
82241	400	0.837	6.865E-126	0	229	233	16	245	248
94836	398	0.829	1.768E-125	0	231	233	36	266	267
13018	389	0.818	3.414E-122	0	229	233	17	246	249
169104	389	0.817	4.680E-122	0	229	233	36	265	268
29270	387	0.806	1.205E-121	0	231	233	36	268	269
61581	387	0.806	1.205E-121	0	231	233	36	268	269
127308	387	0.806	1.205E-121	0	231	233	36	268	269
158945	387	0.806	1.205E-121	0	231	233	36	268	269
65955	386	0.812	4.252E-121	0	229	233	36	265	268
159310	381	0.804	1.363E-119	0	229	233	34	262	265
89325	377	0.796	4.369E-118	0	229	233	16	245	251
7063	344	0.736	1.004E-106	0	229	233	36	263	269
13439	344	0.736	1.004E-106	0	229	233	36	263	269
27962	344	0.736	1.004E-106	0	229	233	36	263	269
34620	344	0.736	1.004E-106	0	229	233	36	263	269
55793	344	0.736	1.004E-106	0	229	233	36	263	269
67176	344	0.736	1.004E-106	0	229	233	36	263	269
137227	344	0.736	1.004E-106	0	229	233	36	263	269
160604	344	0.736	1.004E-106	0	229	233	36	263	269
165016	344	0.736	1.004E-106	0	229	233	36	263	269
120254	344	0.736	1.376E-106	0	229	233	36	263	269
120255	344	0.736	1.376E-106	0	229	233	36	263	269
27954	342	0.735	4.855E-106	0	228	233	17	245	248
18261	342	0.729	6.654E-106	0	230	233	46	275	276
126839	341	0.727	1.713E-105	0	230	233	46	275	276
18198	339	0.724	6.041E-105	0	230	233	17	246	247
110127	339	0.724	6.041E-105	0	230	233	17	246	247
159336	339	0.724	6.041E-105	0	230	233	17	246	247
28808	339	0.724	6.041E-105	0	230	233	46	275	276
29118	339	0.724	6.041E-105	0	230	233	46	275	276
27946	334	0.721	2.651E-103	0	228	233	32	259	262
114809	334	0.721	2.651E-103	0	228	233	36	263	266
169094	333	0.719	6.823E-103	0	228	233	36	263	266
6225	333	0.718	9.351E-103	0	228	233	36	263	268
7890	333	0.718	9.351E-103	0	228	233	36	263	268
7893	333	0.718	9.351E-103	0	228	233	36	263	268
27944	333	0.718	9.351E-103	0	228	233	36	263	268
87660	333	0.718	9.351E-103	0	228	233	36	263	268
88382	333	0.718	9.351E-103	0	228	233	36	263	268
89267	333	0.718	9.351E-103	0	228	233	36	263	268
89751	333	0.718	9.351E-103	0	228	233	36	263	268
98519	333	0.718	9.351E-103	0	228	233	36	263	268
109378	333	0.718	9.351E-103	0	228	233	36	263	268
111040	333	0.718	9.351E-103	0	228	233	36	263	268
170715	333	0.718	9.351E-103	0	228	233	36	263	268
127040	333	0.718	9.351E-103	0	228	233	51	278	283
45870	332	0.716	1.756E-102	0	228	233	36	263	266
114808	331	0.720	3.298E-102	2	228	233	38	263	266
142655	331	0.720	3.298E-102	2	228	233	38	263	266
17085	331	0.720	3.298E-102	2	228	233	38	263	268
6947	331	0.714	6.194E-102	0	228	233	36	262	265
27945	329	0.711	1.594E-101	0	228	233	36	263	267
98532	328	0.708	5.622E-101	0	228	233	36	262	265
11670	327	0.707	1.056E-100	0	228	233	36	262	265
11669	327	0.706	1.447E-100	0	228	233	36	262	265
143560	327	0.706	1.447E-100	0	228	233	36	262	265
158953	327	0.706	1.447E-100	0	228	233	36	262	265
98533	326	0.705	2.717E-100	0	228	233	36	262	265
138327	326	0.705	2.717E-100	0	228	233	36	262	265
18867	325	0.704	3.724E-100	0	228	233	36	262	265
45053	325	0.704	3.724E-100	0	228	233	36	262	265
121724	324	0.702	9.584E-100	0	228	233	36	262	265
121958	323	0.700	1.800E-99	0	228	233	36	263	266
45025	322	0.698	6.347E-99	0	228	233	36	262	265
170773	322	0.698	6.347E-99	0	228	233	36	262	265
72094	321	0.695	1.633E-98	0	228	233	36	263	266
132370	321	0.695	1.633E-98	0	228	233	36	263	266
61235	320	0.695	2.238E-98	0	228	233	36	263	266
11668	320	0.700	2.238E-98	2	228	233	38	263	267
114817	320	0.696	3.067E-98	2	229	233	34	259	262
99241	319	0.692	5.760E-98	0	228	233	36	262	265
7527	318	0.690	1.482E-97	0	228	233	36	262	265
131103	317	0.688	3.815E-97	0	228	233	42	268	271
126460	315	0.680	1.843E-96	0	230	233	36	264	266
34697	314	0.681	3.461E-96	0	228	233	36	265	268
38811	314	0.683	3.461E-96	0	228	233	42	268	271
72092	313	0.678	8.907E-96	0	228	233	36	265	268
76820	313	0.678	8.907E-96	0	228	233	36	265	268
82248	313	0.678	8.907E-96	0	228	233	36	265	268
169112	313	0.678	8.907E-96	0	228	233	36	265	268
46035	312	0.679	2.292E-95	0	228	233	36	262	265
103960	309	0.674	1.518E-94	0	228	233	36	263	271
34168	305	0.664	4.854E-93	0	228	233	36	265	268
73086	305	0.664	4.854E-93	0	228	233	36	265	268
116513	305	0.664	4.854E-93	0	228	233	36	265	268
13395	304	0.663	6.652E-93	0	228	233	36	265	268
142657	304	0.663	6.652E-93	0	228	233	36	265	268
170396	304	0.663	6.652E-93	0	228	233	36	265	268
67239	303	0.661	1.711E-92	0	228	233	36	265	268
105198	303	0.661	1.711E-92	0	228	233	36	265	268
169111	303	0.661	1.711E-92	0	228	233	36	265	268
61233	301	0.657	1.133E-91	0	228	233	36	265	268
87676	301	0.657	1.133E-91	0	228	233	36	265	268
2784	273	0.613	4.252E-82	2	228	233	38	261	292
11676	265	0.596	4.332E-79	2	228	233	38	262	293
71747	265	0.596	4.332E-79	2	228	233	38	262	293
147770	265	0.596	4.332E-79	2	228	233	38	262	293
72744	263	0.594	1.114E-78	2	228	233	38	262	293
171085	263	0.594	1.114E-78	2	228	233	38	262	293
159867	257	0.563	1.715E-76	0	229	233	36	272	274
158949	256	0.560	6.040E-76	0	229	233	32	268	269
122431	255	0.558	1.133E-75	0	229	233	36	272	273
132375	255	0.558	1.133E-75	0	229	233	36	272	273
116006	254	0.557	2.127E-75	0	229	233	32	268	269
51307	254	0.557	2.127E-75	0	229	233	36	272	273
83547	254	0.557	2.127E-75	0	229	233	36	272	273
154446	254	0.557	2.127E-75	0	229	233	36	272	273
35536	254	0.556	2.914E-75	0	229	233	36	272	273
89824	254	0.556	2.914E-75	0	229	233	36	272	273
111541	254	0.556	2.914E-75	0	229	233	36	272	273
2548	253	0.556	3.992E-75	0	229	233	32	268	269
40407	253	0.556	3.992E-75	0	229	233	32	268	269
105696	253	0.556	3.992E-75	0	229	233	32	268	269
169829	253	0.556	3.992E-75	0	229	233	32	268	269
13819	253	0.556	3.992E-75	0	229	233	36	272	273
56190	253	0.556	3.992E-75	0	229	233	36	272	273
61820	253	0.556	3.992E-75	0	229	233	36	272	273
73164	253	0.556	3.992E-75	0	229	233	36	272	273
89371	253	0.556	3.992E-75	0	229	233	36	272	273
132733	253	0.556	3.992E-75	0	229	233	36	272	273
143592	253	0.556	3.992E-75	0	229	233	36	272	273
13802	253	0.555	5.468E-75	0	229	233	32	268	269
148094	253	0.555	5.468E-75	0	229	233	32	268	269
66656	253	0.555	5.468E-75	0	229	233	36	272	273
34975	252	0.554	1.026E-74	0	229	233	32	268	269
56331	252	0.554	1.026E-74	0	229	233	32	268	269
83866	252	0.554	1.026E-74	0	229	233	32	268	269
94341	252	0.554	1.026E-74	0	229	233	32	268	269
111024	252	0.554	1.026E-74	0	229	233	32	268	269
149110	252	0.554	1.026E-74	0	229	233	32	268	269
160658	252	0.554	1.026E-74	0	229	233	32	268	269
29568	252	0.554	1.026E-74	0	229	233	36	272	273
29598	252	0.554	1.026E-74	0	229	233	36	272	273
30138	252	0.554	1.026E-74	0	229	233	36	272	273
34510	252	0.554	1.026E-74	0	229	233	36	272	273
40062	252	0.554	1.026E-74	0	229	233	36	272	273
40601	252	0.554	1.026E-74	0	229	233	36	272	273
67674	252	0.554	1.026E-74	0	229	233	36	272	273
72089	252	0.554	1.026E-74	0	229	233	36	272	273
77519	252	0.554	1.026E-74	0	229	233	36	272	273
127285	252	0.554	1.026E-74	0	229	233	36	272	273
131806	252	0.554	1.026E-74	0	229	233	36	272	273
170349	252	0.554	1.026E-74	0	229	233	36	272	273
170467	252	0.554	1.026E-74	0	229	233	36	272	273
35017	251	0.552	1.926E-74	0	229	233	32	268	269
89146	251	0.552	1.926E-74	0	229	233	32	268	269
154447	251	0.552	1.926E-74	0	229	233	32	268	269
18393	251	0.552	1.926E-74	0	229	233	36	272	273
72107	251	0.552	1.926E-74	0	229	233	36	272	273
115923	251	0.552	1.926E-74	0	229	233	36	272	273
126461	251	0.552	1.926E-74	0	229	233	37	273	274
132348	250	0.551	6.781E-74	0	228	233	36	271	273
138230	249	0.549	9.288E-74	0	229	233	36	272	273
56667	249	0.548	1.272E-73	0	229	233	32	268	269
 13705	420	0.963	2.100E-133	0	205	207	133	338	339
72914	192	0.502	1.475E-54	0	203	207	134	336	339
159768	190	0.497	9.737E-54	0	203	207	134	336	339
2607	151	0.415	3.150E-40	0	204	207	134	333	335
72576	151	0.415	3.150E-40	0	204	207	134	333	335
 149324	1025	0.967	0.000E+00	0	502	504	0	502	503
100253	994	0.940	0.000E+00	0	502	504	0	502	503
19028	987	0.935	4.941E-324	0	502	504	0	502	503
165398	987	0.934	4.941E-324	0	502	504	0	502	503
51600	984	0.932	5.929E-323	0	502	504	0	502	503
1575	983	0.932	8.399E-323	0	502	504	0	502	503
29359	983	0.932	8.399E-323	0	502	504	0	502	503
45962	983	0.932	8.399E-323	0	502	504	0	502	503
73315	983	0.932	8.399E-323	0	502	504	0	502	503
165109	983	0.932	8.399E-323	0	502	504	0	502	503
89874	982	0.931	2.124E-322	0	502	504	0	502	503
29391	982	0.930	2.915E-322	0	502	504	0	502	503
77583	982	0.930	2.915E-322	0	502	504	0	502	503
110805	981	0.929	7.510E-322	0	502	504	0	502	503
137941	980	0.929	1.413E-321	0	502	504	0	502	503
88744	979	0.928	2.648E-321	0	502	504	0	502	503
127606	979	0.928	2.648E-321	0	502	504	0	502	503
51604	979	0.928	3.631E-321	0	502	504	0	502	503
51102	978	0.927	6.818E-321	0	502	504	0	502	503
154828	977	0.927	9.338E-321	0	502	504	0	502	503
29885	977	0.926	1.280E-320	0	502	504	0	502	503
78538	977	0.926	1.753E-320	0	502	504	0	502	503
148795	977	0.926	1.753E-320	0	502	504	0	502	503
78822	975	0.925	6.181E-320	0	502	504	0	502	503
88803	975	0.925	6.181E-320	0	502	504	0	502	503
132175	975	0.925	6.181E-320	0	502	504	0	502	503
154243	975	0.925	6.181E-320	0	502	504	0	502	503
159656	974	0.924	1.160E-319	0	502	504	0	502	503
105276	974	0.924	1.590E-319	0	502	504	0	502	503
40220	973	0.923	2.985E-319	0	502	504	0	502	503
165115	972	0.922	7.679E-319	0	502	504	0	502	503
51074	971	0.921	1.442E-318	0	502	504	0	502	503
40260	969	0.920	6.962E-318	0	502	504	0	502	503
83650	969	0.920	6.962E-318	0	502	504	0	502	503
67677	969	0.919	9.540E-318	0	502	504	0	502	503
121685	969	0.919	9.540E-318	0	502	504	0	502	503
127610	969	0.919	9.540E-318	0	502	504	0	502	503
148844	969	0.919	9.540E-318	0	502	504	0	502	503
149321	969	0.919	9.540E-318	0	502	504	0	502	503
18514	968	0.919	1.307E-317	0	502	504	0	502	503
121968	968	0.919	1.307E-317	0	502	504	0	502	503
18532	968	0.919	1.791E-317	0	502	504	0	502	503
154748	967	0.918	3.362E-317	0	502	504	0	502	503
7643	967	0.918	4.607E-317	0	502	504	0	502	503
2530	966	0.917	1.185E-316	0	502	504	0	502	503
95035	966	0.917	1.185E-316	0	502	504	0	502	503
24247	964	0.916	3.049E-316	0	502	504	0	502	503
143683	964	0.916	3.049E-316	0	502	504	0	502	503
148823	964	0.916	3.049E-316	0	502	504	0	502	503
105365	963	0.915	7.842E-316	0	502	504	0	502	503
61935	962	0.914	2.764E-315	0	502	504	0	502	503
13102	959	0.912	1.829E-314	0	502	504	0	502	503
153932	959	0.912	1.829E-314	0	502	504	0	502	503
132471	958	0.911	4.705E-314	0	502	504	0	502	503
99298	958	0.910	6.446E-314	0	502	504	0	502	503
2250	956	0.909	2.272E-313	0	502	504	0	502	503
99973	955	0.929	4.265E-313	13	502	504	0	489	490
170551	954	0.928	1.503E-312	13	502	504	0	489	490
127080	953	0.906	2.822E-312	0	502	504	0	502	503
170519	953	0.927	3.867E-312	13	502	504	0	489	490
83672	951	0.905	9.947E-312	0	502	504	0	502	503
116262	947	0.922	3.178E-310	13	502	504	0	489	490
23970	942	0.918	1.906E-308	13	502	504	0	489	490
23975	942	0.918	1.906E-308	13	502	504	0	489	490
137981	942	0.918	1.906E-308	13	502	504	0	489	490
154272	942	0.918	1.906E-308	13	502	504	0	489	490
56522	937	0.914	8.344E-307	13	502	504	0	489	490
153589	937	0.914	8.344E-307	13	502	504	0	489	490
78255	932	0.919	5.004E-305	19	502	504	0	483	484
18526	926	0.914	7.718E-303	19	502	504	0	483	484
77224	268	0.345	7.785E-76	3	480	504	9	468	492
43637	250	0.320	6.069E-70	3	502	504	0	499	501
6834	248	0.334	5.233E-69	20	482	504	8	448	468
115414	248	0.334	5.233E-69	20	482	504	8	448	468
 30131	260	0.873	3.182E-79	0	141	143	0	141	142
144067	260	0.873	3.182E-79	0	141	143	0	141	142
12941	258	0.868	1.543E-78	0	141	143	0	141	142
152596	254	0.855	4.974E-77	0	141	143	0	141	142
165745	254	0.855	4.974E-77	0	141	143	1	142	143
27727	246	0.834	1.462E-74	0	141	143	0	141	142
29213	246	0.834	1.462E-74	0	141	143	0	141	142
56132	246	0.834	1.462E-74	0	141	143	0	141	142
94983	246	0.834	1.462E-74	0	141	143	0	141	142
120049	246	0.834	1.462E-74	0	141	143	0	141	142
98332	244	0.825	1.333E-73	0	141	143	0	141	142
142999	244	0.825	1.333E-73	0	141	143	0	141	142
126114	213	0.735	4.824E-63	0	141	143	0	141	142
78117	211	0.729	2.339E-62	0	141	143	0	141	142
43819	211	0.727	4.398E-62	0	141	143	0	141	142
108968	211	0.727	4.398E-62	0	141	143	0	141	142
110750	209	0.723	1.134E-61	0	141	143	0	141	142
152397	209	0.721	2.133E-61	0	141	143	0	141	142
2852	195	0.681	9.795E-57	0	141	143	0	141	142
27535	195	0.681	9.795E-57	0	141	143	0	141	142
40092	195	0.681	9.795E-57	0	141	143	0	141	142
40870	195	0.681	9.795E-57	0	141	143	0	141	142
72680	195	0.681	9.795E-57	0	141	143	0	141	142
79879	184	0.649	4.933E-53	0	141	143	0	140	141
16860	184	0.648	6.765E-53	0	141	143	0	140	141
142756	184	0.648	6.765E-53	0	141	143	0	140	141
29218	171	0.610	1.651E-48	0	141	143	0	140	141
97730	171	0.610	1.651E-48	0	141	143	0	140	141
99946	171	0.610	1.651E-48	0	141	143	0	140	141
121077	171	0.610	1.651E-48	0	141	143	0	140	141
 