160079	1135	0.978	0.000E+00	0	549	551	0	549	550
104411	893	0.796	2.001E-290	3	549	551	8	554	555
28406	619	0.598	6.173E-196	3	536	551	6	538	556
155869	611	0.588	6.164E-193	0	536	551	0	530	546
55550	601	0.573	1.152E-189	4	547	551	11	556	558
46071	598	0.578	1.942E-188	0	536	551	0	527	543
93553	596	0.573	9.325E-188	0	540	551	1	532	544
21921	596	0.573	9.325E-188	0	540	551	2	533	545
52275	593	0.574	1.148E-186	0	536	551	0	530	546
44693	593	0.577	1.148E-186	4	536	551	12	542	558
22979	592	0.576	1.571E-186	3	536	551	12	541	559
90204	584	0.569	1.564E-183	3	536	551	4	533	549
82805	583	0.557	2.141E-183	1	546	551	5	552	561
6774	582	0.556	7.509E-183	1	546	551	5	552	561
123221	581	0.566	1.028E-182	1	536	551	6	537	560
33857	563	0.544	2.598E-176	5	549	551	20	560	562
121774	562	0.551	4.865E-176	2	536	551	16	551	568
166398	550	0.539	8.107E-172	1	538	551	6	541	562
30767	536	0.529	3.450E-167	5	539	551	22	559	575
83886	489	0.491	7.284E-151	0	534	551	15	553	593
161933	486	0.609	4.764E-150	1	406	551	5	413	419
137904	483	0.486	5.826E-149	0	534	551	14	554	584
149202	482	0.487	1.490E-148	0	534	551	2	538	577
171088	481	0.486	5.209E-148	0	534	551	2	538	577
41627	478	0.488	4.657E-147	6	534	551	21	552	593
23005	475	0.485	4.162E-146	6	534	551	21	552	592
127212	471	0.478	9.506E-145	2	536	551	5	542	583
153476	470	0.481	2.430E-144	6	536	551	3	535	573
170645	470	0.481	2.430E-144	6	536	551	10	542	580
82893	467	0.479	1.587E-143	5	536	551	8	539	575
161110	466	0.494	4.057E-143	7	516	551	32	537	585
100357	464	0.477	3.622E-142	6	536	551	10	539	576
149430	463	0.474	4.952E-142	6	540	551	17	550	586
78899	462	0.473	9.256E-142	6	540	551	3	536	572
13933	462	0.473	9.256E-142	6	540	551	17	550	586
53047	462	0.473	9.256E-142	6	540	551	17	550	586
169703	462	0.475	1.265E-141	6	534	551	18	549	587
6882	462	0.475	1.730E-141	6	534	551	18	549	587
24107	462	0.475	1.730E-141	6	534	551	18	549	587
87555	460	0.485	4.421E-141	6	518	551	13	528	581
143042	460	0.473	6.044E-141	6	534	551	7	538	576
13479	460	0.492	8.262E-141	5	509	551	9	513	576
39425	460	0.473	8.262E-141	6	534	551	7	538	576
154644	460	0.492	8.262E-141	5	509	551	9	513	576
39366	459	0.472	1.130E-140	5	534	551	6	538	576
120852	459	0.473	1.544E-140	6	534	551	19	550	584
154969	459	0.473	1.544E-140	6	534	551	18	549	587
7276	458	0.472	2.111E-140	6	534	551	18	549	587
71889	458	0.472	2.111E-140	6	534	551	18	549	587
3068	458	0.472	2.886E-140	6	534	551	7	538	575
127246	458	0.472	2.886E-140	6	534	551	7	538	575
80733	458	0.492	2.886E-140	6	509	551	10	513	576
126284	458	0.469	2.886E-140	5	534	551	15	550	584
6905	458	0.472	2.886E-140	6	534	551	18	549	586
61123	458	0.472	2.886E-140	6	534	551	18	549	587
55707	458	0.469	3.945E-140	5	534	551	15	550	584
169675	458	0.469	3.945E-140	5	534	551	15	550	584
44754	457	0.471	5.394E-140	6	534	551	7	538	576
29643	457	0.459	5.394E-140	1	540	551	9	559	587
88280	457	0.468	7.373E-140	5	534	551	15	550	584
66448	456	0.471	1.008E-139	6	534	551	3	534	572
66410	456	0.479	1.008E-139	6	525	551	10	529	576
165026	456	0.491	1.378E-139	6	502	551	17	519	585
137109	456	0.466	1.378E-139	6	534	551	26	563	603
127656	455	0.470	2.575E-139	6	536	551	10	540	577
120700	455	0.477	2.575E-139	6	527	551	10	531	579
34020	455	0.469	3.520E-139	6	534	551	19	550	588
34922	455	0.476	3.520E-139	5	527	551	22	544	590
61183	455	0.476	3.520E-139	5	527	551	22	544	647
50803	454	0.469	4.812E-139	6	534	551	7	538	576
46066	454	0.470	4.812E-139	6	536	551	10	540	577
78796	454	0.470	4.812E-139	6	536	551	10	540	577
138821	454	0.468	4.812E-139	0	526	551	0	532	577
28523	454	0.469	4.812E-139	6	534	551	19	550	584
109985	454	0.475	6.578E-139	6	526	551	10	532	575
118123	454	0.461	8.993E-139	6	540	551	13	556	584
39854	454	0.469	8.993E-139	6	534	551	20	551	589
35420	453	0.460	1.680E-138	6	540	551	15	558	586
154492	453	0.468	1.680E-138	6	534	551	19	550	588
100355	452	0.478	3.140E-138	10	525	551	1	515	562
98721	451	0.461	1.096E-137	0	534	551	0	538	576
105848	447	0.483	1.827E-136	6	502	551	18	520	586
166221	446	0.465	4.665E-136	0	527	551	5	532	573
45561	446	0.483	4.665E-136	6	502	551	18	519	585
56160	446	0.482	4.665E-136	6	502	551	17	519	585
28443	445	0.483	6.376E-136	6	502	551	18	519	585
55592	445	0.483	6.376E-136	6	502	551	18	519	585
82736	445	0.483	6.376E-136	6	502	551	18	519	585
126913	445	0.483	6.376E-136	6	502	551	18	519	585
131593	445	0.483	6.376E-136	6	502	551	18	519	585
158742	445	0.483	6.376E-136	6	502	551	18	519	585
1459	445	0.482	8.715E-136	6	502	551	18	519	585
57248	445	0.482	8.715E-136	6	502	551	18	519	585
99020	445	0.482	8.715E-136	6	502	551	18	519	585
12194	445	0.482	8.715E-136	6	502	551	17	519	586
30350	445	0.482	8.715E-136	6	502	551	17	519	586
33911	445	0.482	8.715E-136	6	502	551	17	519	586
89116	445	0.477	8.715E-136	6	508	551	21	529	590
142502	445	0.477	8.715E-136	6	508	551	21	529	590
50286	445	0.477	1.191E-135	6	508	551	6	514	575
131673	445	0.481	1.191E-135	6	502	551	18	520	586
88248	445	0.456	1.191E-135	6	540	551	21	560	592
82728	444	0.482	1.628E-135	6	502	551	18	519	585
148007	444	0.476	2.226E-135	6	508	551	6	514	575
3167	444	0.456	2.226E-135	5	540	551	15	553	582
71864	444	0.456	2.226E-135	5	540	551	15	553	582
121813	444	0.456	2.226E-135	5	540	551	15	553	582
126187	444	0.456	2.226E-135	5	540	551	15	553	582
19097	444	0.481	2.226E-135	6	502	551	18	519	585
51378	444	0.481	2.226E-135	6	502	551	17	519	585
158877	444	0.481	2.226E-135	6	502	551	17	519	585
13202	444	0.481	2.226E-135	6	502	551	18	520	587
157924	444	0.481	2.226E-135	6	502	551	18	520	587
52941	444	0.447	2.226E-135	6	540	551	16	568	596
60634	443	0.481	3.042E-135	6	502	551	18	519	585
23084	443	0.476	3.042E-135	6	508	551	17	525	586
99090	443	0.476	3.042E-135	6	508	551	17	525	586
132772	443	0.461	3.042E-135	6	533	551	19	549	586
29227	443	0.480	3.042E-135	6	502	551	18	520	587
39298	443	0.480	3.042E-135	6	502	551	18	520	587
55581	443	0.480	3.042E-135	6	502	551	18	520	587
95524	443	0.480	3.042E-135	6	502	551	18	520	587
164168	443	0.480	3.042E-135	6	502	551	18	520	587
142514	443	0.476	3.042E-135	6	508	551	21	529	590
99659	443	0.476	4.158E-135	6	508	551	6	514	575
8270	443	0.480	4.158E-135	6	502	551	17	519	585
44831	443	0.481	4.158E-135	6	502	551	18	519	585
55645	443	0.481	4.158E-135	6	502	551	18	519	585
5747	443	0.480	4.158E-135	6	502	551	18	520	586
30104	443	0.476	4.158E-135	6	508	551	17	525	586
128024	443	0.476	4.158E-135	6	508	551	17	525	586
12277	443	0.480	4.158E-135	6	502	551	18	520	587
23044	443	0.480	4.158E-135	6	502	551	18	520	587
83446	443	0.480	4.158E-135	6	502	551	18	520	587
88790	443	0.480	4.158E-135	6	502	551	18	520	587
133262	443	0.480	4.158E-135	6	502	551	18	520	587
159485	443	0.480	4.158E-135	6	502	551	18	520	587
149974	443	0.462	5.683E-135	6	530	551	16	543	584
139014	443	0.475	5.683E-135	6	508	551	17	525	586
33895	442	0.455	7.767E-135	5	540	551	15	553	582
137898	442	0.480	7.767E-135	6	502	551	18	519	585
99184	442	0.479	7.767E-135	6	502	551	18	520	586
65155	442	0.479	7.767E-135	6	502	551	18	520	587
76974	442	0.479	7.767E-135	6	502	551	18	520	587
50255	442	0.475	1.062E-134	6	508	551	17	525	586
77432	442	0.475	1.062E-134	6	508	551	17	525	586
18201	442	0.479	1.062E-134	6	502	551	18	520	587
101834	441	0.458	1.451E-134	2	534	551	8	538	577
99778	441	0.479	1.451E-134	6	502	551	17	519	585
143229	441	0.479	1.451E-134	6	502	551	18	520	586
55595	441	0.478	1.983E-134	6	502	551	17	519	585
105185	441	0.479	1.983E-134	6	502	551	18	519	586
156396	441	0.478	1.983E-134	6	502	551	18	520	586
144110	441	0.478	2.711E-134	6	502	551	17	519	585
165503	440	0.456	3.705E-134	5	539	551	12	546	578
125866	440	0.453	3.705E-134	5	540	551	16	554	583
77391	440	0.478	3.705E-134	6	502	551	17	519	585
89709	440	0.454	5.064E-134	6	534	551	16	552	588
143415	440	0.454	5.064E-134	6	534	551	16	552	589
50206	440	0.466	5.064E-134	6	520	551	21	539	590
105310	439	0.455	6.921E-134	2	534	551	8	543	578
151216	439	0.452	6.921E-134	5	541	551	15	554	581
165801	439	0.477	6.921E-134	6	502	551	17	519	585
166689	439	0.463	6.921E-134	6	522	551	25	547	594
1434	439	0.477	9.459E-134	6	502	551	17	519	585
33952	439	0.464	1.293E-133	6	518	551	16	536	589
93653	438	0.453	2.415E-133	2	534	551	8	543	580
40444	438	0.476	2.415E-133	6	502	551	17	519	585
106179	438	0.476	2.415E-133	6	502	551	17	519	585
12239	437	0.481	3.300E-133	13	502	551	0	494	560
147962	437	0.481	3.300E-133	13	502	551	0	494	560
104542	437	0.463	3.300E-133	6	518	551	16	536	588
12302	437	0.481	4.511E-133	13	502	551	0	494	560
44812	437	0.481	4.511E-133	13	502	551	0	494	560
115389	437	0.481	4.511E-133	13	502	551	0	494	560
115448	437	0.481	4.511E-133	13	502	551	0	494	560
171254	437	0.475	4.511E-133	6	502	551	17	519	585
160393	437	0.461	6.165E-133	6	522	551	17	539	586
12198	436	0.452	8.425E-133	6	534	551	13	549	583
120831	436	0.472	8.425E-133	2	502	551	10	516	583
115480	436	0.454	1.151E-132	2	534	551	8	539	578
69384	436	0.471	1.151E-132	2	502	551	10	516	583
137168	436	0.480	1.574E-132	13	502	551	0	494	560
61163	435	0.479	2.151E-132	13	502	551	0	494	560
84048	435	0.451	2.151E-132	6	534	551	13	549	585
28454	435	0.479	2.939E-132	13	502	551	0	494	560
126175	435	0.479	2.939E-132	13	502	551	0	494	560
1936	434	0.473	4.017E-132	6	502	551	17	519	586
121632	434	0.459	5.490E-132	5	527	551	11	532	573
30158	434	0.459	7.502E-132	6	527	551	12	533	574
142520	431	0.471	4.887E-131	6	502	551	18	519	583
61088	431	0.454	6.679E-131	6	528	551	17	542	586
171030	431	0.454	6.679E-131	6	528	551	17	542	586
4508	429	0.446	3.183E-130	6	508	551	17	553	614
132317	425	0.445	7.226E-129	4	536	551	16	533	561
2890	423	0.482	2.519E-128	30	502	551	0	477	543
142600	421	0.487	1.200E-127	38	502	551	9	477	543
72032	418	0.472	1.991E-126	30	508	551	0	484	545
31513	412	0.471	2.148E-124	30	502	551	0	478	545
74082	349	0.519	9.296E-103	6	358	551	18	374	376
71943	280	0.432	1.650E-79	142	502	551	12	376	440
50228	277	0.428	1.938E-78	142	502	551	12	376	436
126234	277	0.428	1.938E-78	142	502	551	12	376	440
169705	254	0.428	1.435E-70	203	536	551	0	331	371
31468	233	0.551	1.553E-63	112	328	551	0	219	253
107756	227	0.466	1.495E-61	237	502	551	12	276	342
172683	199	0.480	3.237E-52	240	463	551	15	238	257
96676	108	0.496	6.031E-23	193	303	551	1	115	142
85417	98	0.455	9.362E-20	197	308	551	5	120	123
 192	269	0.934	2.297E-82	0	135	137	0	135	136
2508	269	0.934	2.297E-82	0	135	137	0	135	136
7345	269	0.934	2.297E-82	0	135	137	0	135	136
27338	269	0.934	2.297E-82	0	135	137	0	135	136
32771	269	0.934	2.297E-82	0	135	137	0	135	136
43624	269	0.934	2.297E-82	0	135	137	0	135	136
54488	269	0.934	2.297E-82	0	135	137	0	135	136
65344	269	0.934	2.297E-82	0	135	137	0	135	136
73294	269	0.934	2.297E-82	0	135	137	0	135	136
76203	269	0.934	2.297E-82	0	135	137	0	135	136
78672	269	0.934	2.297E-82	0	135	137	0	135	136
83094	269	0.934	2.297E-82	0	135	137	0	135	136
83936	269	0.934	2.297E-82	0	135	137	0	135	136
87058	269	0.934	2.297E-82	0	135	137	0	135	136
88869	269	0.934	2.297E-82	0	135	137	0	135	136
99657	269	0.934	2.297E-82	0	135	137	0	135	136
103342	269	0.934	2.297E-82	0	135	137	0	135	136
119630	269	0.934	2.297E-82	0	135	137	0	135	136
125060	269	0.934	2.297E-82	0	135	137	0	135	136
125062	269	0.934	2.297E-82	0	135	137	0	135	136
125063	269	0.934	2.297E-82	0	135	137	0	135	136
141345	269	0.934	2.297E-82	0	135	137	0	135	136
152206	269	0.934	2.297E-82	0	135	137	0	135	136
11048	267	0.931	5.923E-82	0	135	137	0	135	136
13697	267	0.931	5.923E-82	0	135	137	0	135	136
24380	267	0.931	5.923E-82	0	135	137	0	135	136
45485	267	0.931	5.923E-82	0	135	137	0	135	136
45587	267	0.931	5.923E-82	0	135	137	0	135	136
49056	267	0.931	5.923E-82	0	135	137	0	135	136
83386	267	0.931	5.923E-82	0	135	137	0	135	136
115563	267	0.931	5.923E-82	0	135	137	0	135	136
130494	267	0.931	5.923E-82	0	135	137	0	135	136
152209	267	0.931	5.923E-82	0	135	137	0	135	136
163060	267	0.931	5.923E-82	0	135	137	0	135	136
169853	267	0.931	5.923E-82	0	135	137	0	135	136
125057	265	0.923	3.939E-81	0	135	137	0	135	136
103340	263	0.918	1.393E-80	0	135	137	0	135	136
27334	261	0.912	6.755E-80	0	135	137	0	135	136
 127505	611	0.921	1.997E-197	0	315	317	0	315	316
28559	383	0.618	1.650E-118	0	315	317	0	314	315
142414	374	0.602	3.133E-115	0	315	317	0	317	318
107895	276	0.475	1.562E-81	0	315	317	0	313	314
52993	251	0.441	5.869E-73	0	313	317	0	316	319
8067	242	0.420	1.076E-69	0	315	317	0	325	327
203	231	0.407	3.669E-66	0	315	317	0	325	326
71837	231	0.407	3.669E-66	0	315	317	0	325	326
164132	225	0.397	7.461E-64	0	315	317	0	326	327
153425	219	0.650	5.925E-62	118	285	317	0	168	181
6689	215	0.377	1.346E-60	6	312	317	8	344	348
147928	207	0.482	1.292E-57	85	315	317	1	230	231
40454	139	0.307	1.025E-34	21	312	317	19	312	318
50150	136	0.301	1.629E-33	21	314	317	19	314	318
 40523	770	0.986	1.598E-251	0	368	369	0	368	728
49133	766	0.982	2.724E-250	0	368	369	0	368	728
45953	766	0.981	5.116E-250	0	368	369	0	368	728
103401	765	0.981	7.011E-250	0	368	369	0	368	728
146840	763	0.979	3.389E-249	0	368	369	0	368	728
87117	762	0.978	6.364E-249	0	368	369	0	368	728
125118	762	0.977	8.722E-249	0	368	369	0	368	728
163128	762	0.977	8.722E-249	0	368	369	0	368	728
11118	762	0.977	1.195E-248	0	368	369	0	368	728
94470	761	0.976	1.638E-248	0	368	369	0	368	728
21975	761	0.976	2.245E-248	0	368	369	0	368	728
73359	761	0.976	2.245E-248	0	368	369	0	368	728
5683	760	0.975	3.076E-248	0	368	369	0	368	728
11115	760	0.975	3.076E-248	0	368	369	0	368	728
27396	760	0.975	4.216E-248	0	368	369	0	368	728
119712	760	0.975	4.216E-248	0	368	369	0	368	728
141421	760	0.975	4.216E-248	0	368	369	0	368	728
92558	760	0.974	5.777E-248	0	368	369	0	368	728
159923	759	0.974	7.917E-248	0	368	369	0	368	728
130556	758	0.973	1.487E-247	0	368	369	0	368	728
157705	758	0.973	2.038E-247	0	368	369	0	368	728
157707	758	0.973	2.038E-247	0	368	369	0	368	728
49122	758	0.972	2.792E-247	0	368	369	0	368	728
103406	758	0.972	2.792E-247	0	368	369	0	368	728
32845	757	0.972	3.827E-247	0	368	369	0	368	728
11112	757	0.971	5.244E-247	0	368	369	0	368	728
92566	756	0.971	7.187E-247	0	368	369	0	368	728
16561	756	0.970	9.849E-247	0	368	369	0	368	728
157709	756	0.970	9.849E-247	0	368	369	0	368	728
5678	755	0.970	1.850E-246	0	368	369	0	368	728
54554	755	0.970	1.850E-246	0	368	369	0	368	728
125130	755	0.970	1.850E-246	0	368	369	0	368	728
54538	754	0.969	3.474E-246	0	368	369	0	368	728
84452	754	0.968	4.760E-246	0	368	369	0	368	728
87125	754	0.968	4.760E-246	0	368	369	0	368	728
164468	754	0.968	4.760E-246	0	368	369	0	368	728
170138	754	0.968	4.760E-246	0	368	369	0	368	728
12457	754	0.968	6.524E-246	0	368	369	0	368	728
21979	754	0.968	6.524E-246	0	368	369	0	368	728
84529	754	0.968	6.524E-246	0	368	369	0	368	728
87129	754	0.968	6.524E-246	0	368	369	0	368	728
81684	753	0.967	8.940E-246	0	368	369	0	368	728
157689	753	0.967	1.225E-245	0	368	369	0	368	728
65410	752	0.966	1.679E-245	0	368	369	0	368	728
108850	752	0.966	1.679E-245	0	368	369	0	368	728
135996	752	0.966	2.301E-245	0	368	369	0	368	728
24424	752	0.965	3.153E-245	0	368	369	0	368	728
29537	752	0.965	3.153E-245	0	368	369	0	368	728
119694	751	0.965	4.321E-245	0	368	369	0	368	728
141411	751	0.965	4.321E-245	0	368	369	0	368	728
7736	751	0.965	5.921E-245	0	368	369	0	368	728
5698	751	0.964	8.115E-245	0	368	369	0	368	728
152264	750	0.964	1.112E-244	0	368	369	0	368	728
12685	750	0.963	1.524E-244	0	368	369	0	368	728
125121	750	0.963	1.524E-244	0	368	369	0	368	728
29714	749	0.963	2.088E-244	0	368	369	0	368	728
21963	749	0.962	3.922E-244	0	368	369	0	368	728
114275	748	0.961	5.375E-244	0	368	369	0	368	728
11127	747	0.961	1.009E-243	0	368	369	0	368	728
43699	744	0.957	1.256E-242	0	368	369	0	368	728
125114	744	0.956	1.721E-242	0	368	369	0	368	728
81688	743	0.956	3.231E-242	0	368	369	0	368	728
34212	742	0.941	8.316E-242	0	368	369	0	374	734
152284	734	0.945	4.537E-239	0	368	369	0	368	728
5674	571	0.975	1.041E-182	92	368	369	0	276	636
54542	555	0.741	5.754E-177	0	368	369	0	325	685
76251	488	0.976	9.901E-154	133	368	369	0	235	595
70817	451	0.607	6.858E-141	5	368	369	5	384	746
76245	446	0.603	2.180E-139	5	368	369	5	384	746
34780	444	0.600	1.050E-138	5	368	369	5	384	755
143360	444	0.600	1.050E-138	5	368	369	5	384	755
108822	444	0.602	1.438E-138	5	368	369	5	382	759
92534	443	0.599	1.969E-138	5	368	369	5	384	746
110132	442	0.598	6.926E-138	5	368	369	5	384	755
130539	441	0.597	9.485E-138	5	368	369	5	384	752
168536	441	0.597	9.485E-138	5	368	369	5	384	755
141393	441	0.596	1.299E-137	5	368	369	5	385	747
38242	441	0.597	1.299E-137	5	368	369	5	384	755
103389	439	0.595	6.256E-137	5	368	369	5	384	755
16529	438	0.587	1.607E-136	0	368	369	0	384	746
6980	438	0.593	1.607E-136	5	368	369	5	384	752
49098	87	0.238	5.069E-17	112	368	369	98	378	723
 89931	218	0.985	1.290E-65	0	103	105	394	497	498
 